0 0 0 0 0 0 0 0 0 0 0 0 0 0 0 0 0 0 0 0 0 0 0 0 0 0 0 0 0 0 0 0 0 0 0 0 0 0 0 0 0 0 0 0 0 0 0 0 0 0 0 0 0 0 0 0 0 0 0 0 0 0 0 0 0 0 0 0 0 0 0 0 0 0 0 0 0 0 0 0 0 0 0 0 0 0 0 0 0 0 0 0 0 0 0 0 0 0 0 0 0 0 0 0 0 0 0 0 0 0 0 0 0 0 0 0 0 0 0 0 0 0 0 0 0 0 0 0 0 0 0 0 0 0 0 0 0 0 0 0 0 0 0 0 0 0 0 0 0 0 0 0 0 0 0 0 0 0 0 0 0 0 0 0 0 0 0 0 0 0 0 0 0 0 0 0 0 0 0 0 0 0 0 0 0 0 0 0 0 0 0 0 0 0 0 0 0 0 0 0 0 0 0 0 0 0 0 0 0 0 0 0 0 0 0 0 0 0 0 0 0 0 0 0 0 0 0 0 0 0 0 0 0 0 0 0 0 0 0 0 0 0 0 0 0 0 0 0 0 0 0 0 0 0 0 0
0 1 2 3 4 5 6 7 8 9 10 11 12 13 14 15 16 17 18 19 20 21 22 23 24 25 26 27 28 29 30 31 32 33 34 35 36 37 38 39 40 41 42 43 44 45 46 47 48 49 50 51 52 53 54 55 56 57 58 59 60 61 62 63 64 65 66 67 68 69 70 71 72 73 74 75 76 77 78 79 80 81 82 83 84 85 86 87 88 89 90 91 92 93 94 95 96 97 98 99 100 101 102 103 104 105 106 107 108 109 110 111 112 113 114 115 116 117 118 119 120 121 122 123 124 125 126 127 128 129 130 131 132 133 134 135 136 137 138 139 140 141 142 143 144 145 146 147 148 149 150 151 152 153 154 155 156 157 158 159 160 161 162 163 164 165 166 167 168 169 170 171 172 173 174 175 176 177 178 179 180 181 182 183 184 185 186 187 188 189 190 191 192 193 194 195 196 197 198 199 200 201 202 203 204 205 206 207 208 209 210 211 212 213 214 215 216 217 218 219 220 221 222 223 224 225 226 227 228 229 230 231 232 233 234 235 236 237 238 239 240 241 242 243 244 245 246 247 248 249 250 251 252 253 254 255
0 2 4 6 8 10 12 14 16 18 20 22 24 26 28 30 32 34 36 38 40 42 44 46 48 50 52 54 56 58 60 62 64 66 68 70 72 74 76 78 80 82 84 86 88 90 92 94 96 98 100 102 104 106 108 110 112 114 116 118 120 122 124 126 128 130 132 134 136 138 140 142 144 146 148 150 152 154 156 158 160 162 164 166 168 170 172 174 176 178 180 182 184 186 188 190 192 194 196 198 200 202 204 206 208 210 212 214 216 218 220 222 224 226 228 230 232 234 236 238 240 242 244 246 248 250 252 254 0 2 4 6 8 10 12 14 16 18 20 22 24 26 28 30 32 34 36 38 40 42 44 46 48 50 52 54 56 58 60 62 64 66 68 70 72 74 76 78 80 82 84 86 88 90 92 94 96 98 100 102 104 106 108 110 112 114 116 118 120 122 124 126 128 130 132 134 136 138 140 142 144 146 148 150 152 154 156 158 160 162 164 166 168 170 172 174 176 178 180 182 184 186 188 190 192 194 196 198 200 202 204 206 208 210 212 214 216 218 220 222 224 226 228 230 232 234 236 238 240 242 244 246 248 250 252 254
0 3 6 7 12 15 18 19 24 27 30 31 36 39 42 43 48 51 54 55 60 63 66 67 72 75 78 79 84 87 90 91 96 99 102 103 108 111 114 115 120 123 126 127 132 135 138 139 144 147 150 151 156 159 162 163 168 171 174 175 180 183 186 187 192 195 198 199 204 207 210 211 216 219 222 223 228 231 234 235 240 243 246 247 252 255 2 3 8 11 14 15 20 23 26 27 32 35 38 39 44 47 50 51 56 59 62 63 68 71 74 75 80 83 86 87 92 95 98 99 104 107 110 111 116 119 122 123 128 131 134 135 140 143 146 147 152 155 158 159 164 167 170 171 176 179 182 183 188 191 194 195 200 203 206 207 212 215 218 219 224 227 230 231 236 239 242 243 248 251 254 255 4 7 10 11 16 19 22 23 28 31 34 35 40 43 46 47 52 55 58 59 64 67 70 71 76 79 82 83 88 91 94 95 100 103 106 107 112 115 118 119 124 127 130 131 136 139 142 143 148 151 154 155 160 163 166 167 172 175 178 179 184 187 190 191 196 199 202 203 208 211 214 215 220 223 226 227 232 235 238 239 244 247 250 251
0 4 8 12 16 20 24 28 32 36 40 44 48 52 56 60 64 68 72 76 80 84 88 92 96 100 104 108 112 116 120 124 128 132 136 140 144 148 152 156 160 164 168 172 176 180 184 188 192 196 200 204 208 212 216 220 224 228 232 236 240 244 248 252 0 4 8 12 16 20 24 28 32 36 40 44 48 52 56 60 64 68 72 76 80 84 88 92 96 100 104 108 112 116 120 124 128 132 136 140 144 148 152 156 160 164 168 172 176 180 184 188 192 196 200 204 208 212 216 220 224 228 232 236 240 244 248 252 0 4 8 12 16 20 24 28 32 36 40 44 48 52 56 60 64 68 72 76 80 84 88 92 96 100 104 108 112 116 120 124 128 132 136 140 144 148 152 156 160 164 168 172 176 180 184 188 192 196 200 204 208 212 216 220 224 228 232 236 240 244 248 252 0 4 8 12 16 20 24 28 32 36 40 44 48 52 56 60 64 68 72 76 80 84 88 92 96 100 104 108 112 116 120 124 128 132 136 140 144 148 152 156 160 164 168 172 176 180 184 188 192 196 200 204 208 212 216 220 224 228 232 236 240 244 248 252
0 5 10 15 20 25 30 35 40 45 50 55 60 65 70 75 80 85 90 95 100 105 110 115 120 125 130 135 140 145 150 155 160 165 170 175 180 185 190 195 200 205 210 215 220 225 230 235 240 245 250 255 4 9 14 19 24 29 34 39 44 49 54 59 64 69 74 79 84 89 94 99 104 109 114 119 124 129 134 139 144 149 154 159 164 169 174 179 184 189 194 199 204 209 214 219 224 229 234 239 244 249 254 3 8 13 18 23 28 33 38 43 48 53 58 63 68 73 78 83 88 93 98 103 108 113 118 123 128 133 138 143 148 153 158 163 168 173 178 183 188 193 198 203 208 213 218 223 228 233 238 243 248 253 2 7 12 17 22 27 32 37 42 47 52 57 62 67 72 77 82 87 92 97 102 107 112 117 122 127 132 137 142 147 152 157 162 167 172 177 182 187 192 197 202 207 212 217 222 227 232 237 242 247 252 1 6 11 16 21 26 31 36 41 46 51 56 61 66 71 76 81 86 91 96 101 106 111 116 121 126 131 136 141 146 151 156 161 166 171 176 181 186 191 196 201 206 211 216 221 226 231 236 241 246 251
0 6 12 18 24 30 36 42 48 54 60 66 72 78 84 90 96 102 108 114 120 126 132 138 144 150 156 162 168 174 180 186 192 198 204 210 216 222 228 234 240 246 252 2 8 14 20 26 32 38 44 50 56 62 68 74 80 86 92 98 104 110 116 122 128 134 140 146 152 158 164 170 176 182 188 194 200 206 212 218 224 230 236 242 248 254 4 10 16 22 28 34 40 46 52 58 64 70 76 82 88 94 100 106 112 118 124 130 136 142 148 154 160 166 172 178 184 190 196 202 208 214 220 226 232 238 244 250 0 6 12 18 24 30 36 42 48 54 60 66 72 78 84 90 96 102 108 114 120 126 132 138 144 150 156 162 168 174 180 186 192 198 204 210 216 222 228 234 240 246 252 2 8 14 20 26 32 38 44 50 56 62 68 74 80 86 92 98 104 110 116 122 128 134 140 146 152 158 164 170 176 182 188 194 200 206 212 218 224 230 236 242 248 254 4 10 16 22 28 34 40 46 52 58 64 70 76 82 88 94 100 106 112 118 124 130 136 142 148 154 160 166 172 178 184 190 196 202 208 214 220 226 232 238 244 250
0 7 14 19 28 35 42 47 56 63 70 75 84 91 98 103 112 119 126 131 140 147 154 159 168 175 182 187 196 203 210 215 224 231 238 243 252 3 10 15 24 31 38 43 52 59 66 71 80 87 94 99 108 115 122 127 136 143 150 155 164 171 178 183 192 199 206 211 220 227 234 239 248 255 6 11 20 27 34 39 48 55 62 67 76 83 90 95 104 111 118 123 132 139 146 151 160 167 174 179 188 195 202 207 216 223 230 235 244 251 2 7 16 23 30 35 44 51 58 63 72 79 86 91 100 107 114 119 128 135 142 147 156 163 170 175 184 191 198 203 212 219 226 231 240 247 254 3 12 19 26 31 40 47 54 59 68 75 82 87 96 103 110 115 124 131 138 143 152 159 166 171 180 187 194 199 208 215 222 227 236 243 250 255 8 15 22 27 36 43 50 55 64 71 78 83 92 99 106 111 120 127 134 139 148 155 162 167 176 183 190 195 204 211 218 223 232 239 246 251 4 11 18 23 32 39 46 51 60 67 74 79 88 95 102 107 116 123 130 135 144 151 158 163 172 179 186 191 200 207 214 219 228 235 242 247
0 8 16 24 32 40 48 56 64 72 80 88 96 104 112 120 128 136 144 152 160 168 176 184 192 200 208 216 224 232 240 248 0 8 16 24 32 40 48 56 64 72 80 88 96 104 112 120 128 136 144 152 160 168 176 184 192 200 208 216 224 232 240 248 0 8 16 24 32 40 48 56 64 72 80 88 96 104 112 120 128 136 144 152 160 168 176 184 192 200 208 216 224 232 240 248 0 8 16 24 32 40 48 56 64 72 80 88 96 104 112 120 128 136 144 152 160 168 176 184 192 200 208 216 224 232 240 248 0 8 16 24 32 40 48 56 64 72 80 88 96 104 112 120 128 136 144 152 160 168 176 184 192 200 208 216 224 232 240 248 0 8 16 24 32 40 48 56 64 72 80 88 96 104 112 120 128 136 144 152 160 168 176 184 192 200 208 216 224 232 240 248 0 8 16 24 32 40 48 56 64 72 80 88 96 104 112 120 128 136 144 152 160 168 176 184 192 200 208 216 224 232 240 248 0 8 16 24 32 40 48 56 64 72 80 88 96 104 112 120 128 136 144 152 160 168 176 184 192 200 208 216 224 232 240 248
0 9 18 27 36 45 54 63 72 81 90 99 108 117 126 135 144 153 162 171 180 189 198 207 216 225 234 243 252 5 14 23 32 41 50 59 68 77 86 95 104 113 122 131 140 149 158 167 176 185 194 203 212 221 230 239 248 1 10 19 28 37 46 55 64 73 82 91 100 109 118 127 136 145 154 163 172 181 190 199 208 217 226 235 244 253 6 15 24 33 42 51 60 69 78 87 96 105 114 123 132 141 150 159 168 177 186 195 204 213 222 231 240 249 2 11 20 29 38 47 56 65 74 83 92 101 110 119 128 137 146 155 164 173 182 191 200 209 218 227 236 245 254 7 16 25 34 43 52 61 70 79 88 97 106 115 124 133 142 151 160 169 178 187 196 205 214 223 232 241 250 3 12 21 30 39 48 57 66 75 84 93 102 111 120 129 138 147 156 165 174 183 192 201 210 219 228 237 246 255 8 17 26 35 44 53 62 71 80 89 98 107 116 125 134 143 152 161 170 179 188 197 206 215 224 233 242 251 4 13 22 31 40 49 58 67 76 85 94 103 112 121 130 139 148 157 166 175 184 193 202 211 220 229 238 247
0 10 20 30 40 50 60 70 80 90 100 110 120 130 140 150 160 170 180 190 200 210 220 230 240 250 4 14 24 34 44 54 64 74 84 94 104 114 124 134 144 154 164 174 184 194 204 214 224 234 244 254 8 18 28 38 48 58 68 78 88 98 108 118 128 138 148 158 168 178 188 198 208 218 228 238 248 2 12 22 32 42 52 62 72 82 92 102 112 122 132 142 152 162 172 182 192 202 212 222 232 242 252 6 16 26 36 46 56 66 76 86 96 106 116 126 136 146 156 166 176 186 196 206 216 226 236 246 0 10 20 30 40 50 60 70 80 90 100 110 120 130 140 150 160 170 180 190 200 210 220 230 240 250 4 14 24 34 44 54 64 74 84 94 104 114 124 134 144 154 164 174 184 194 204 214 224 234 244 254 8 18 28 38 48 58 68 78 88 98 108 118 128 138 148 158 168 178 188 198 208 218 228 238 248 2 12 22 32 42 52 62 72 82 92 102 112 122 132 142 152 162 172 182 192 202 212 222 232 242 252 6 16 26 36 46 56 66 76 86 96 106 116 126 136 146 156 166 176 186 196 206 216 226 236 246
0 11 22 31 44 55 66 75 88 99 110 119 132 143 154 163 176 187 198 207 220 231 242 251 8 19 30 39 52 63 74 83 96 107 118 127 140 151 162 171 184 195 206 215 228 239 250 3 16 27 38 47 60 71 82 91 104 115 126 135 148 159 170 179 192 203 214 223 236 247 2 11 24 35 46 55 68 79 90 99 112 123 134 143 156 167 178 187 200 211 222 231 244 255 10 19 32 43 54 63 76 87 98 107 120 131 142 151 164 175 186 195 208 219 230 239 252 7 18 27 40 51 62 71 84 95 106 115 128 139 150 159 172 183 194 203 216 227 238 247 4 15 26 35 48 59 70 79 92 103 114 123 136 147 158 167 180 191 202 211 224 235 246 255 12 23 34 43 56 67 78 87 100 111 122 131 144 155 166 175 188 199 210 219 232 243 254 7 20 31 42 51 64 75 86 95 108 119 130 139 152 163 174 183 196 207 218 227 240 251 6 15 28 39 50 59 72 83 94 103 116 127 138 147 160 171 182 191 204 215 226 235 248 3 14 23 36 47 58 67 80 91 102 111 124 135 146 155 168 179 190 199 212 223 234 243
0 12 24 36 48 60 72 84 96 108 120 132 144 156 168 180 192 204 216 228 240 252 8 20 32 44 56 68 80 92 104 116 128 140 152 164 176 188 200 212 224 236 248 4 16 28 40 52 64 76 88 100 112 124 136 148 160 172 184 196 208 220 232 244 0 12 24 36 48 60 72 84 96 108 120 132 144 156 168 180 192 204 216 228 240 252 8 20 32 44 56 68 80 92 104 116 128 140 152 164 176 188 200 212 224 236 248 4 16 28 40 52 64 76 88 100 112 124 136 148 160 172 184 196 208 220 232 244 0 12 24 36 48 60 72 84 96 108 120 132 144 156 168 180 192 204 216 228 240 252 8 20 32 44 56 68 80 92 104 116 128 140 152 164 176 188 200 212 224 236 248 4 16 28 40 52 64 76 88 100 112 124 136 148 160 172 184 196 208 220 232 244 0 12 24 36 48 60 72 84 96 108 120 132 144 156 168 180 192 204 216 228 240 252 8 20 32 44 56 68 80 92 104 116 128 140 152 164 176 188 200 212 224 236 248 4 16 28 40 52 64 76 88 100 112 124 136 148 160 172 184 196 208 220 232 244
0 13 26 39 52 65 78 91 104 117 130 143 156 169 182 195 208 221 234 247 4 17 30 43 56 69 82 95 108 121 134 147 160 173 186 199 212 225 238 251 8 21 34 47 60 73 86 99 112 125 138 151 164 177 190 203 216 229 242 255 12 25 38 51 64 77 90 103 116 129 142 155 168 181 194 207 220 233 246 3 16 29 42 55 68 81 94 107 120 133 146 159 172 185 198 211 224 237 250 7 20 33 46 59 72 85 98 111 124 137 150 163 176 189 202 215 228 241 254 11 24 37 50 63 76 89 102 115 128 141 154 167 180 193 206 219 232 245 2 15 28 41 54 67 80 93 106 119 132 145 158 171 184 197 210 223 236 249 6 19 32 45 58 71 84 97 110 123 136 149 162 175 188 201 214 227 240 253 10 23 36 49 62 75 88 101 114 127 140 153 166 179 192 205 218 231 244 1 14 27 40 53 66 79 92 105 118 131 144 157 170 183 196 209 222 235 248 5 18 31 44 57 70 83 96 109 122 135 148 161 174 187 200 213 226 239 252 9 22 35 48 61 74 87 100 113 126 139 152 165 178 191 204 217 230 243
0 14 28 42 56 70 84 98 112 126 140 154 168 182 196 210 224 238 252 10 24 38 52 66 80 94 108 122 136 150 164 178 192 206 220 234 248 6 20 34 48 62 76 90 104 118 132 146 160 174 188 202 216 230 244 2 16 30 44 58 72 86 100 114 128 142 156 170 184 198 212 226 240 254 12 26 40 54 68 82 96 110 124 138 152 166 180 194 208 222 236 250 8 22 36 50 64 78 92 106 120 134 148 162 176 190 204 218 232 246 4 18 32 46 60 74 88 102 116 130 144 158 172 186 200 214 228 242 0 14 28 42 56 70 84 98 112 126 140 154 168 182 196 210 224 238 252 10 24 38 52 66 80 94 108 122 136 150 164 178 192 206 220 234 248 6 20 34 48 62 76 90 104 118 132 146 160 174 188 202 216 230 244 2 16 30 44 58 72 86 100 114 128 142 156 170 184 198 212 226 240 254 12 26 40 54 68 82 96 110 124 138 152 166 180 194 208 222 236 250 8 22 36 50 64 78 92 106 120 134 148 162 176 190 204 218 232 246 4 18 32 46 60 74 88 102 116 130 144 158 172 186 200 214 228 242
0 15 30 43 60 75 90 103 120 135 150 163 180 195 210 223 240 255 14 27 44 59 74 87 104 119 134 147 164 179 194 207 224 239 254 11 28 43 58 71 88 103 118 131 148 163 178 191 208 223 238 251 12 27 42 55 72 87 102 115 132 147 162 175 192 207 222 235 252 11 26 39 56 71 86 99 116 131 146 159 176 191 206 219 236 251 10 23 40 55 70 83 100 115 130 143 160 175 190 203 220 235 250 7 24 39 54 67 84 99 114 127 144 159 174 187 204 219 234 247 8 23 38 51 68 83 98 111 128 143 158 171 188 203 218 231 248 7 22 35 52 67 82 95 112 127 142 155 172 187 202 215 232 247 6 19 36 51 66 79 96 111 126 139 156 171 186 199 216 231 246 3 20 35 50 63 80 95 110 123 140 155 170 183 200 215 230 243 4 19 34 47 64 79 94 107 124 139 154 167 184 199 214 227 244 3 18 31 48 63 78 91 108 123 138 151 168 183 198 211 228 243 2 15 32 47 62 75 92 107 122 135 152 167 182 195 212 227 242 255 16 31 46 59 76 91 106 119 136 151 166 179 196 211 226 239
0 16 32 48 64 80 96 112 128 144 160 176 192 208 224 240 0 16 32 48 64 80 96 112 128 144 160 176 192 208 224 240 0 16 32 48 64 80 96 112 128 144 160 176 192 208 224 240 0 16 32 48 64 80 96 112 128 144 160 176 192 208 224 240 0 16 32 48 64 80 96 112 128 144 160 176 192 208 224 240 0 16 32 48 64 80 96 112 128 144 160 176 192 208 224 240 0 16 32 48 64 80 96 112 128 144 160 176 192 208 224 240 0 16 32 48 64 80 96 112 128 144 160 176 192 208 224 240 0 16 32 48 64 80 96 112 128 144 160 176 192 208 224 240 0 16 32 48 64 80 96 112 128 144 160 176 192 208 224 240 0 16 32 48 64 80 96 112 128 144 160 176 192 208 224 240 0 16 32 48 64 80 96 112 128 144 160 176 192 208 224 240 0 16 32 48 64 80 96 112 128 144 160 176 192 208 224 240 0 16 32 48 64 80 96 112 128 144 160 176 192 208 224 240 0 16 32 48 64 80 96 112 128 144 160 176 192 208 224 240 0 16 32 48 64 80 96 112 128 144 160 176 192 208 224 240
0 17 34 51 68 85 102 119 136 153 170 187 204 221 238 255 16 33 50 67 84 101 118 135 152 169 186 203 220 237 254 15 32 49 66 83 100 117 134 151 168 185 202 219 236 253 14 31 48 65 82 99 116 133 150 167 184 201 218 235 252 13 30 47 64 81 98 115 132 149 166 183 200 217 234 251 12 29 46 63 80 97 114 131 148 165 182 199 216 233 250 11 28 45 62 79 96 113 130 147 164 181 198 215 232 249 10 27 44 61 78 95 112 129 146 163 180 197 214 231 248 9 26 43 60 77 94 111 128 145 162 179 196 213 230 247 8 25 42 59 76 93 110 127 144 161 178 195 212 229 246 7 24 41 58 75 92 109 126 143 160 177 194 211 228 245 6 23 40 57 74 91 108 125 142 159 176 193 210 227 244 5 22 39 56 73 90 107 124 141 158 175 192 209 226 243 4 21 38 55 72 89 106 123 140 157 174 191 208 225 242 3 20 37 54 71 88 105 122 139 156 173 190 207 224 241 2 19 36 53 70 87 104 121 138 155 172 189 206 223 240 1 18 35 52 69 86 103 120 137 154 171 188 205 222 239
0 18 36 54 72 90 108 126 144 162 180 198 216 234 252 14 32 50 68 86 104 122 140 158 176 194 212 230 248 10 28 46 64 82 100 118 136 154 172 190 208 226 244 6 24 42 60 78 96 114 132 150 168 186 204 222 240 2 20 38 56 74 92 110 128 146 164 182 200 218 236 254 16 34 52 70 88 106 124 142 160 178 196 214 232 250 12 30 48 66 84 102 120 138 156 174 192 210 228 246 8 26 44 62 80 98 116 134 152 170 188 206 224 242 4 22 40 58 76 94 112 130 148 166 184 202 220 238 0 18 36 54 72 90 108 126 144 162 180 198 216 234 252 14 32 50 68 86 104 122 140 158 176 194 212 230 248 10 28 46 64 82 100 118 136 154 172 190 208 226 244 6 24 42 60 78 96 114 132 150 168 186 204 222 240 2 20 38 56 74 92 110 128 146 164 182 200 218 236 254 16 34 52 70 88 106 124 142 160 178 196 214 232 250 12 30 48 66 84 102 120 138 156 174 192 210 228 246 8 26 44 62 80 98 116 134 152 170 188 206 224 242 4 22 40 58 76 94 112 130 148 166 184 202 220 238
0 19 38 55 76 95 114 131 152 171 190 207 228 247 10 27 48 67 86 103 124 143 162 179 200 219 238 255 20 39 58 75 96 115 134 151 172 191 210 227 248 11 30 47 68 87 106 123 144 163 182 199 220 239 2 19 40 59 78 95 116 135 154 171 192 211 230 247 12 31 50 67 88 107 126 143 164 183 202 219 240 3 22 39 60 79 98 115 136 155 174 191 212 231 250 11 32 51 70 87 108 127 146 163 184 203 222 239 4 23 42 59 80 99 118 135 156 175 194 211 232 251 14 31 52 71 90 107 128 147 166 183 204 223 242 3 24 43 62 79 100 119 138 155 176 195 214 231 252 15 34 51 72 91 110 127 148 167 186 203 224 243 6 23 44 63 82 99 120 139 158 175 196 215 234 251 16 35 54 71 92 111 130 147 168 187 206 223 244 7 26 43 64 83 102 119 140 159 178 195 216 235 254 15 36 55 74 91 112 131 150 167 188 207 226 243 8 27 46 63 84 103 122 139 160 179 198 215 236 255 18 35 56 75 94 111 132 151 170 187 208 227 246 7 28 47 66 83 104 123 142 159 180 199 218 235
0 20 40 60 80 100 120 140 160 180 200 220 240 4 24 44 64 84 104 124 144 164 184 204 224 244 8 28 48 68 88 108 128 148 168 188 208 228 248 12 32 52 72 92 112 132 152 172 192 212 232 252 16 36 56 76 96 116 136 156 176 196 216 236 0 20 40 60 80 100 120 140 160 180 200 220 240 4 24 44 64 84 104 124 144 164 184 204 224 244 8 28 48 68 88 108 128 148 168 188 208 228 248 12 32 52 72 92 112 132 152 172 192 212 232 252 16 36 56 76 96 116 136 156 176 196 216 236 0 20 40 60 80 100 120 140 160 180 200 220 240 4 24 44 64 84 104 124 144 164 184 204 224 244 8 28 48 68 88 108 128 148 168 188 208 228 248 12 32 52 72 92 112 132 152 172 192 212 232 252 16 36 56 76 96 116 136 156 176 196 216 236 0 20 40 60 80 100 120 140 160 180 200 220 240 4 24 44 64 84 104 124 144 164 184 204 224 244 8 28 48 68 88 108 128 148 168 188 208 228 248 12 32 52 72 92 112 132 152 172 192 212 232 252 16 36 56 76 96 116 136 156 176 196 216 236
0 21 42 63 84 105 126 147 168 189 210 231 252 17 38 59 80 101 122 143 164 185 206 227 248 13 34 55 76 97 118 139 160 181 202 223 244 9 30 51 72 93 114 135 156 177 198 219 240 5 26 47 68 89 110 131 152 173 194 215 236 1 22 43 64 85 106 127 148 169 190 211 232 253 18 39 60 81 102 123 144 165 186 207 228 249 14 35 56 77 98 119 140 161 182 203 224 245 10 31 52 73 94 115 136 157 178 199 220 241 6 27 48 69 90 111 132 153 174 195 216 237 2 23 44 65 86 107 128 149 170 191 212 233 254 19 40 61 82 103 124 145 166 187 208 229 250 15 36 57 78 99 120 141 162 183 204 225 246 11 32 53 74 95 116 137 158 179 200 221 242 7 28 49 70 91 112 133 154 175 196 217 238 3 24 45 66 87 108 129 150 171 192 213 234 255 20 41 62 83 104 125 146 167 188 209 230 251 16 37 58 79 100 121 142 163 184 205 226 247 12 33 54 75 96 117 138 159 180 201 222 243 8 29 50 71 92 113 134 155 176 197 218 239 4 25 46 67 88 109 130 151 172 193 214 235
0 22 44 66 88 110 132 154 176 198 220 242 8 30 52 74 96 118 140 162 184 206 228 250 16 38 60 82 104 126 148 170 192 214 236 2 24 46 68 90 112 134 156 178 200 222 244 10 32 54 76 98 120 142 164 186 208 230 252 18 40 62 84 106 128 150 172 194 216 238 4 26 48 70 92 114 136 158 180 202 224 246 12 34 56 78 100 122 144 166 188 210 232 254 20 42 64 86 108 130 152 174 196 218 240 6 28 50 72 94 116 138 160 182 204 226 248 14 36 58 80 102 124 146 168 190 212 234 0 22 44 66 88 110 132 154 176 198 220 242 8 30 52 74 96 118 140 162 184 206 228 250 16 38 60 82 104 126 148 170 192 214 236 2 24 46 68 90 112 134 156 178 200 222 244 10 32 54 76 98 120 142 164 186 208 230 252 18 40 62 84 106 128 150 172 194 216 238 4 26 48 70 92 114 136 158 180 202 224 246 12 34 56 78 100 122 144 166 188 210 232 254 20 42 64 86 108 130 152 174 196 218 240 6 28 50 72 94 116 138 160 182 204 226 248 14 36 58 80 102 124 146 168 190 212 234
0 23 46 67 92 115 138 159 184 207 230 251 20 43 66 87 112 135 158 179 204 227 250 15 40 63 86 107 132 155 178 199 224 247 14 35 60 83 106 127 152 175 198 219 244 11 34 55 80 103 126 147 172 195 218 239 8 31 54 75 100 123 146 167 192 215 238 3 28 51 74 95 120 143 166 187 212 235 2 23 48 71 94 115 140 163 186 207 232 255 22 43 68 91 114 135 160 183 206 227 252 19 42 63 88 111 134 155 180 203 226 247 16 39 62 83 108 131 154 175 200 223 246 11 36 59 82 103 128 151 174 195 220 243 10 31 56 79 102 123 148 171 194 215 240 7 30 51 76 99 122 143 168 191 214 235 4 27 50 71 96 119 142 163 188 211 234 255 24 47 70 91 116 139 162 183 208 231 254 19 44 67 90 111 136 159 182 203 228 251 18 39 64 87 110 131 156 179 202 223 248 15 38 59 84 107 130 151 176 199 222 243 12 35 58 79 104 127 150 171 196 219 242 7 32 55 78 99 124 147 170 191 216 239 6 27 52 75 98 119 144 167 190 211 236 3 26 47 72 95 118 139 164 187 210 231
0 24 48 72 96 120 144 168 192 216 240 8 32 56 80 104 128 152 176 200 224 248 16 40 64 88 112 136 160 184 208 232 0 24 48 72 96 120 144 168 192 216 240 8 32 56 80 104 128 152 176 200 224 248 16 40 64 88 112 136 160 184 208 232 0 24 48 72 96 120 144 168 192 216 240 8 32 56 80 104 128 152 176 200 224 248 16 40 64 88 112 136 160 184 208 232 0 24 48 72 96 120 144 168 192 216 240 8 32 56 80 104 128 152 176 200 224 248 16 40 64 88 112 136 160 184 208 232 0 24 48 72 96 120 144 168 192 216 240 8 32 56 80 104 128 152 176 200 224 248 16 40 64 88 112 136 160 184 208 232 0 24 48 72 96 120 144 168 192 216 240 8 32 56 80 104 128 152 176 200 224 248 16 40 64 88 112 136 160 184 208 232 0 24 48 72 96 120 144 168 192 216 240 8 32 56 80 104 128 152 176 200 224 248 16 40 64 88 112 136 160 184 208 232 0 24 48 72 96 120 144 168 192 216 240 8 32 56 80 104 128 152 176 200 224 248 16 40 64 88 112 136 160 184 208 232
0 25 50 75 100 125 150 175 200 225 250 19 44 69 94 119 144 169 194 219 244 13 38 63 88 113 138 163 188 213 238 7 32 57 82 107 132 157 182 207 232 1 26 51 76 101 126 151 176 201 226 251 20 45 70 95 120 145 170 195 220 245 14 39 64 89 114 139 164 189 214 239 8 33 58 83 108 133 158 183 208 233 2 27 52 77 102 127 152 177 202 227 252 21 46 71 96 121 146 171 196 221 246 15 40 65 90 115 140 165 190 215 240 9 34 59 84 109 134 159 184 209 234 3 28 53 78 103 128 153 178 203 228 253 22 47 72 97 122 147 172 197 222 247 16 41 66 91 116 141 166 191 216 241 10 35 60 85 110 135 160 185 210 235 4 29 54 79 104 129 154 179 204 229 254 23 48 73 98 123 148 173 198 223 248 17 42 67 92 117 142 167 192 217 242 11 36 61 86 111 136 161 186 211 236 5 30 55 80 105 130 155 180 205 230 255 24 49 74 99 124 149 174 199 224 249 18 43 68 93 118 143 168 193 218 243 12 37 62 87 112 137 162 187 212 237 6 31 56 81 106 131 156 181 206 231
0 26 52 78 104 130 156 182 208 234 4 30 56 82 108 134 160 186 212 238 8 34 60 86 112 138 164 190 216 242 12 38 64 90 116 142 168 194 220 246 16 42 68 94 120 146 172 198 224 250 20 46 72 98 124 150 176 202 228 254 24 50 76 102 128 154 180 206 232 2 28 54 80 106 132 158 184 210 236 6 32 58 84 110 136 162 188 214 240 10 36 62 88 114 140 166 192 218 244 14 40 66 92 118 144 170 196 222 248 18 44 70 96 122 148 174 200 226 252 22 48 74 100 126 152 178 204 230 0 26 52 78 104 130 156 182 208 234 4 30 56 82 108 134 160 186 212 238 8 34 60 86 112 138 164 190 216 242 12 38 64 90 116 142 168 194 220 246 16 42 68 94 120 146 172 198 224 250 20 46 72 98 124 150 176 202 228 254 24 50 76 102 128 154 180 206 232 2 28 54 80 106 132 158 184 210 236 6 32 58 84 110 136 162 188 214 240 10 36 62 88 114 140 166 192 218 244 14 40 66 92 118 144 170 196 222 248 18 44 70 96 122 148 174 200 226 252 22 48 74 100 126 152 178 204 230
0 27 54 79 108 135 162 187 216 243 14 39 68 95 122 147 176 203 230 255 28 55 82 107 136 163 190 215 244 15 42 67 96 123 150 175 204 231 2 27 56 83 110 135 164 191 218 243 16 43 70 95 124 151 178 203 232 3 30 55 84 111 138 163 192 219 246 15 44 71 98 123 152 179 206 231 4 31 58 83 112 139 166 191 220 247 18 43 72 99 126 151 180 207 234 3 32 59 86 111 140 167 194 219 248 19 46 71 100 127 154 179 208 235 6 31 60 87 114 139 168 195 222 247 20 47 74 99 128 155 182 207 236 7 34 59 88 115 142 167 196 223 250 19 48 75 102 127 156 183 210 235 8 35 62 87 116 143 170 195 224 251 22 47 76 103 130 155 184 211 238 7 36 63 90 115 144 171 198 223 252 23 50 75 104 131 158 183 212 239 10 35 64 91 118 143 172 199 226 251 24 51 78 103 132 159 186 211 240 11 38 63 92 119 146 171 200 227 254 23 52 79 106 131 160 187 214 239 12 39 66 91 120 147 174 199 228 255 26 51 80 107 134 159 188 215 242 11 40 67 94 119 148 175 202 227
0 28 56 84 112 140 168 196 224 252 24 52 80 108 136 164 192 220 248 20 48 76 104 132 160 188 216 244 16 44 72 100 128 156 184 212 240 12 40 68 96 124 152 180 208 236 8 36 64 92 120 148 176 204 232 4 32 60 88 116 144 172 200 228 0 28 56 84 112 140 168 196 224 252 24 52 80 108 136 164 192 220 248 20 48 76 104 132 160 188 216 244 16 44 72 100 128 156 184 212 240 12 40 68 96 124 152 180 208 236 8 36 64 92 120 148 176 204 232 4 32 60 88 116 144 172 200 228 0 28 56 84 112 140 168 196 224 252 24 52 80 108 136 164 192 220 248 20 48 76 104 132 160 188 216 244 16 44 72 100 128 156 184 212 240 12 40 68 96 124 152 180 208 236 8 36 64 92 120 148 176 204 232 4 32 60 88 116 144 172 200 228 0 28 56 84 112 140 168 196 224 252 24 52 80 108 136 164 192 220 248 20 48 76 104 132 160 188 216 244 16 44 72 100 128 156 184 212 240 12 40 68 96 124 152 180 208 236 8 36 64 92 120 148 176 204 232 4 32 60 88 116 144 172 200 228
0 29 58 87 116 145 174 203 232 5 34 63 92 121 150 179 208 237 10 39 68 97 126 155 184 213 242 15 44 73 102 131 160 189 218 247 20 49 78 107 136 165 194 223 252 25 54 83 112 141 170 199 228 1 30 59 88 117 146 175 204 233 6 35 64 93 122 151 180 209 238 11 40 69 98 127 156 185 214 243 16 45 74 103 132 161 190 219 248 21 50 79 108 137 166 195 224 253 26 55 84 113 142 171 200 229 2 31 60 89 118 147 176 205 234 7 36 65 94 123 152 181 210 239 12 41 70 99 128 157 186 215 244 17 46 75 104 133 162 191 220 249 22 51 80 109 138 167 196 225 254 27 56 85 114 143 172 201 230 3 32 61 90 119 148 177 206 235 8 37 66 95 124 153 182 211 240 13 42 71 100 129 158 187 216 245 18 47 76 105 134 163 192 221 250 23 52 81 110 139 168 197 226 255 28 57 86 115 144 173 202 231 4 33 62 91 120 149 178 207 236 9 38 67 96 125 154 183 212 241 14 43 72 101 130 159 188 217 246 19 48 77 106 135 164 193 222 251 24 53 82 111 140 169 198 227
0 30 60 90 120 150 180 210 240 14 44 74 104 134 164 194 224 254 28 58 88 118 148 178 208 238 12 42 72 102 132 162 192 222 252 26 56 86 116 146 176 206 236 10 40 70 100 130 160 190 220 250 24 54 84 114 144 174 204 234 8 38 68 98 128 158 188 218 248 22 52 82 112 142 172 202 232 6 36 66 96 126 156 186 216 246 20 50 80 110 140 170 200 230 4 34 64 94 124 154 184 214 244 18 48 78 108 138 168 198 228 2 32 62 92 122 152 182 212 242 16 46 76 106 136 166 196 226 0 30 60 90 120 150 180 210 240 14 44 74 104 134 164 194 224 254 28 58 88 118 148 178 208 238 12 42 72 102 132 162 192 222 252 26 56 86 116 146 176 206 236 10 40 70 100 130 160 190 220 250 24 54 84 114 144 174 204 234 8 38 68 98 128 158 188 218 248 22 52 82 112 142 172 202 232 6 36 66 96 126 156 186 216 246 20 50 80 110 140 170 200 230 4 34 64 94 124 154 184 214 244 18 48 78 108 138 168 198 228 2 32 62 92 122 152 182 212 242 16 46 76 106 136 166 196 226
0 31 62 91 124 155 186 215 248 23 54 83 116 147 178 207 240 15 46 75 108 139 170 199 232 7 38 67 100 131 162 191 224 255 30 59 92 123 154 183 216 247 22 51 84 115 146 175 208 239 14 43 76 107 138 167 200 231 6 35 68 99 130 159 192 223 254 27 60 91 122 151 184 215 246 19 52 83 114 143 176 207 238 11 44 75 106 135 168 199 230 3 36 67 98 127 160 191 222 251 28 59 90 119 152 183 214 243 20 51 82 111 144 175 206 235 12 43 74 103 136 167 198 227 4 35 66 95 128 159 190 219 252 27 58 87 120 151 182 211 244 19 50 79 112 143 174 203 236 11 42 71 104 135 166 195 228 3 34 63 96 127 158 187 220 251 26 55 88 119 150 179 212 243 18 47 80 111 142 171 204 235 10 39 72 103 134 163 196 227 2 31 64 95 126 155 188 219 250 23 56 87 118 147 180 211 242 15 48 79 110 139 172 203 234 7 40 71 102 131 164 195 226 255 32 63 94 123 156 187 218 247 24 55 86 115 148 179 210 239 16 47 78 107 140 171 202 231 8 39 70 99 132 163 194 223
0 32 64 96 128 160 192 224 0 32 64 96 128 160 192 224 0 32 64 96 128 160 192 224 0 32 64 96 128 160 192 224 0 32 64 96 128 160 192 224 0 32 64 96 128 160 192 224 0 32 64 96 128 160 192 224 0 32 64 96 128 160 192 224 0 32 64 96 128 160 192 224 0 32 64 96 128 160 192 224 0 32 64 96 128 160 192 224 0 32 64 96 128 160 192 224 0 32 64 96 128 160 192 224 0 32 64 96 128 160 192 224 0 32 64 96 128 160 192 224 0 32 64 96 128 160 192 224 0 32 64 96 128 160 192 224 0 32 64 96 128 160 192 224 0 32 64 96 128 160 192 224 0 32 64 96 128 160 192 224 0 32 64 96 128 160 192 224 0 32 64 96 128 160 192 224 0 32 64 96 128 160 192 224 0 32 64 96 128 160 192 224 0 32 64 96 128 160 192 224 0 32 64 96 128 160 192 224 0 32 64 96 128 160 192 224 0 32 64 96 128 160 192 224 0 32 64 96 128 160 192 224 0 32 64 96 128 160 192 224 0 32 64 96 128 160 192 224 0 32 64 96 128 160 192 224
0 33 66 99 132 165 198 231 8 41 74 107 140 173 206 239 16 49 82 115 148 181 214 247 24 57 90 123 156 189 222 255 32 65 98 131 164 197 230 7 40 73 106 139 172 205 238 15 48 81 114 147 180 213 246 23 56 89 122 155 188 221 254 31 64 97 130 163 196 229 6 39 72 105 138 171 204 237 14 47 80 113 146 179 212 245 22 55 88 121 154 187 220 253 30 63 96 129 162 195 228 5 38 71 104 137 170 203 236 13 46 79 112 145 178 211 244 21 54 87 120 153 186 219 252 29 62 95 128 161 194 227 4 37 70 103 136 169 202 235 12 45 78 111 144 177 210 243 20 53 86 119 152 185 218 251 28 61 94 127 160 193 226 3 36 69 102 135 168 201 234 11 44 77 110 143 176 209 242 19 52 85 118 151 184 217 250 27 60 93 126 159 192 225 2 35 68 101 134 167 200 233 10 43 76 109 142 175 208 241 18 51 84 117 150 183 216 249 26 59 92 125 158 191 224 1 34 67 100 133 166 199 232 9 42 75 108 141 174 207 240 17 50 83 116 149 182 215 248 25 58 91 124 157 190 223
0 34 68 102 136 170 204 238 16 50 84 118 152 186 220 254 32 66 100 134 168 202 236 14 48 82 116 150 184 218 252 30 64 98 132 166 200 234 12 46 80 114 148 182 216 250 28 62 96 130 164 198 232 10 44 78 112 146 180 214 248 26 60 94 128 162 196 230 8 42 76 110 144 178 212 246 24 58 92 126 160 194 228 6 40 74 108 142 176 210 244 22 56 90 124 158 192 226 4 38 72 106 140 174 208 242 20 54 88 122 156 190 224 2 36 70 104 138 172 206 240 18 52 86 120 154 188 222 0 34 68 102 136 170 204 238 16 50 84 118 152 186 220 254 32 66 100 134 168 202 236 14 48 82 116 150 184 218 252 30 64 98 132 166 200 234 12 46 80 114 148 182 216 250 28 62 96 130 164 198 232 10 44 78 112 146 180 214 248 26 60 94 128 162 196 230 8 42 76 110 144 178 212 246 24 58 92 126 160 194 228 6 40 74 108 142 176 210 244 22 56 90 124 158 192 226 4 38 72 106 140 174 208 242 20 54 88 122 156 190 224 2 36 70 104 138 172 206 240 18 52 86 120 154 188 222
0 35 70 103 140 175 210 243 24 59 94 127 164 199 234 11 48 83 118 151 188 223 2 35 72 107 142 175 212 247 26 59 96 131 166 199 236 15 50 83 120 155 190 223 4 39 74 107 144 179 214 247 28 63 98 131 168 203 238 15 52 87 122 155 192 227 6 39 76 111 146 179 216 251 30 63 100 135 170 203 240 19 54 87 124 159 194 227 8 43 78 111 148 183 218 251 32 67 102 135 172 207 242 19 56 91 126 159 196 231 10 43 80 115 150 183 220 255 34 67 104 139 174 207 244 23 58 91 128 163 198 231 12 47 82 115 152 187 222 255 36 71 106 139 176 211 246 23 60 95 130 163 200 235 14 47 84 119 154 187 224 3 38 71 108 143 178 211 248 27 62 95 132 167 202 235 16 51 86 119 156 191 226 3 40 75 110 143 180 215 250 27 64 99 134 167 204 239 18 51 88 123 158 191 228 7 42 75 112 147 182 215 252 31 66 99 136 171 206 239 20 55 90 123 160 195 230 7 44 79 114 147 184 219 254 31 68 103 138 171 208 243 22 55 92 127 162 195 232 11 46 79 116 151 186 219
0 36 72 108 144 180 216 252 32 68 104 140 176 212 248 28 64 100 136 172 208 244 24 60 96 132 168 204 240 20 56 92 128 164 200 236 16 52 88 124 160 196 232 12 48 84 120 156 192 228 8 44 80 116 152 188 224 4 40 76 112 148 184 220 0 36 72 108 144 180 216 252 32 68 104 140 176 212 248 28 64 100 136 172 208 244 24 60 96 132 168 204 240 20 56 92 128 164 200 236 16 52 88 124 160 196 232 12 48 84 120 156 192 228 8 44 80 116 152 188 224 4 40 76 112 148 184 220 0 36 72 108 144 180 216 252 32 68 104 140 176 212 248 28 64 100 136 172 208 244 24 60 96 132 168 204 240 20 56 92 128 164 200 236 16 52 88 124 160 196 232 12 48 84 120 156 192 228 8 44 80 116 152 188 224 4 40 76 112 148 184 220 0 36 72 108 144 180 216 252 32 68 104 140 176 212 248 28 64 100 136 172 208 244 24 60 96 132 168 204 240 20 56 92 128 164 200 236 16 52 88 124 160 196 232 12 48 84 120 156 192 228 8 44 80 116 152 188 224 4 40 76 112 148 184 220
0 37 74 111 148 185 222 3 40 77 114 151 188 225 6 43 80 117 154 191 228 9 46 83 120 157 194 231 12 49 86 123 160 197 234 15 52 89 126 163 200 237 18 55 92 129 166 203 240 21 58 95 132 169 206 243 24 61 98 135 172 209 246 27 64 101 138 175 212 249 30 67 104 141 178 215 252 33 70 107 144 181 218 255 36 73 110 147 184 221 2 39 76 113 150 187 224 5 42 79 116 153 190 227 8 45 82 119 156 193 230 11 48 85 122 159 196 233 14 51 88 125 162 199 236 17 54 91 128 165 202 239 20 57 94 131 168 205 242 23 60 97 134 171 208 245 26 63 100 137 174 211 248 29 66 103 140 177 214 251 32 69 106 143 180 217 254 35 72 109 146 183 220 1 38 75 112 149 186 223 4 41 78 115 152 189 226 7 44 81 118 155 192 229 10 47 84 121 158 195 232 13 50 87 124 161 198 235 16 53 90 127 164 201 238 19 56 93 130 167 204 241 22 59 96 133 170 207 244 25 62 99 136 173 210 247 28 65 102 139 176 213 250 31 68 105 142 179 216 253 34 71 108 145 182 219
0 38 76 114 152 190 228 10 48 86 124 162 200 238 20 58 96 134 172 210 248 30 68 106 144 182 220 2 40 78 116 154 192 230 12 50 88 126 164 202 240 22 60 98 136 174 212 250 32 70 108 146 184 222 4 42 80 118 156 194 232 14 52 90 128 166 204 242 24 62 100 138 176 214 252 34 72 110 148 186 224 6 44 82 120 158 196 234 16 54 92 130 168 206 244 26 64 102 140 178 216 254 36 74 112 150 188 226 8 46 84 122 160 198 236 18 56 94 132 170 208 246 28 66 104 142 180 218 0 38 76 114 152 190 228 10 48 86 124 162 200 238 20 58 96 134 172 210 248 30 68 106 144 182 220 2 40 78 116 154 192 230 12 50 88 126 164 202 240 22 60 98 136 174 212 250 32 70 108 146 184 222 4 42 80 118 156 194 232 14 52 90 128 166 204 242 24 62 100 138 176 214 252 34 72 110 148 186 224 6 44 82 120 158 196 234 16 54 92 130 168 206 244 26 64 102 140 178 216 254 36 74 112 150 188 226 8 46 84 122 160 198 236 18 56 94 132 170 208 246 28 66 104 142 180 218
0 39 78 115 156 195 234 15 56 95 134 171 212 251 34 71 112 151 190 227 12 51 90 127 168 207 246 27 68 107 146 183 224 7 46 83 124 163 202 239 24 63 102 139 180 219 2 39 80 119 158 195 236 19 58 95 136 175 214 251 36 75 114 151 192 231 14 51 92 131 170 207 248 31 70 107 148 187 226 7 48 87 126 163 204 243 26 63 104 143 182 219 4 43 82 119 160 199 238 19 60 99 138 175 216 255 38 75 116 155 194 231 16 55 94 131 172 211 250 31 72 111 150 187 228 11 50 87 128 167 206 243 28 67 106 143 184 223 6 43 84 123 162 199 240 23 62 99 140 179 218 255 40 79 118 155 196 235 18 55 96 135 174 211 252 35 74 111 152 191 230 11 52 91 130 167 208 247 30 67 108 147 186 223 8 47 86 123 164 203 242 23 64 103 142 179 220 3 42 79 120 159 198 235 20 59 98 135 176 215 254 35 76 115 154 191 232 15 54 91 132 171 210 247 32 71 110 147 188 227 10 47 88 127 166 203 244 27 66 103 144 183 222 3 44 83 122 159 200 239 22 59 100 139 178 215
0 40 80 120 160 200 240 24 64 104 144 184 224 8 48 88 128 168 208 248 32 72 112 152 192 232 16 56 96 136 176 216 0 40 80 120 160 200 240 24 64 104 144 184 224 8 48 88 128 168 208 248 32 72 112 152 192 232 16 56 96 136 176 216 0 40 80 120 160 200 240 24 64 104 144 184 224 8 48 88 128 168 208 248 32 72 112 152 192 232 16 56 96 136 176 216 0 40 80 120 160 200 240 24 64 104 144 184 224 8 48 88 128 168 208 248 32 72 112 152 192 232 16 56 96 136 176 216 0 40 80 120 160 200 240 24 64 104 144 184 224 8 48 88 128 168 208 248 32 72 112 152 192 232 16 56 96 136 176 216 0 40 80 120 160 200 240 24 64 104 144 184 224 8 48 88 128 168 208 248 32 72 112 152 192 232 16 56 96 136 176 216 0 40 80 120 160 200 240 24 64 104 144 184 224 8 48 88 128 168 208 248 32 72 112 152 192 232 16 56 96 136 176 216 0 40 80 120 160 200 240 24 64 104 144 184 224 8 48 88 128 168 208 248 32 72 112 152 192 232 16 56 96 136 176 216
0 41 82 123 164 205 246 31 72 113 154 195 236 21 62 103 144 185 226 11 52 93 134 175 216 1 42 83 124 165 206 247 32 73 114 155 196 237 22 63 104 145 186 227 12 53 94 135 176 217 2 43 84 125 166 207 248 33 74 115 156 197 238 23 64 105 146 187 228 13 54 95 136 177 218 3 44 85 126 167 208 249 34 75 116 157 198 239 24 65 106 147 188 229 14 55 96 137 178 219 4 45 86 127 168 209 250 35 76 117 158 199 240 25 66 107 148 189 230 15 56 97 138 179 220 5 46 87 128 169 210 251 36 77 118 159 200 241 26 67 108 149 190 231 16 57 98 139 180 221 6 47 88 129 170 211 252 37 78 119 160 201 242 27 68 109 150 191 232 17 58 99 140 181 222 7 48 89 130 171 212 253 38 79 120 161 202 243 28 69 110 151 192 233 18 59 100 141 182 223 8 49 90 131 172 213 254 39 80 121 162 203 244 29 70 111 152 193 234 19 60 101 142 183 224 9 50 91 132 173 214 255 40 81 122 163 204 245 30 71 112 153 194 235 20 61 102 143 184 225 10 51 92 133 174 215
0 42 84 126 168 210 252 38 80 122 164 206 248 34 76 118 160 202 244 30 72 114 156 198 240 26 68 110 152 194 236 22 64 106 148 190 232 18 60 102 144 186 228 14 56 98 140 182 224 10 52 94 136 178 220 6 48 90 132 174 216 2 44 86 128 170 212 254 40 82 124 166 208 250 36 78 120 162 204 246 32 74 116 158 200 242 28 70 112 154 196 238 24 66 108 150 192 234 20 62 104 146 188 230 16 58 100 142 184 226 12 54 96 138 180 222 8 50 92 134 176 218 4 46 88 130 172 214 0 42 84 126 168 210 252 38 80 122 164 206 248 34 76 118 160 202 244 30 72 114 156 198 240 26 68 110 152 194 236 22 64 106 148 190 232 18 60 102 144 186 228 14 56 98 140 182 224 10 52 94 136 178 220 6 48 90 132 174 216 2 44 86 128 170 212 254 40 82 124 166 208 250 36 78 120 162 204 246 32 74 116 158 200 242 28 70 112 154 196 238 24 66 108 150 192 234 20 62 104 146 188 230 16 58 100 142 184 226 12 54 96 138 180 222 8 50 92 134 176 218 4 46 88 130 172 214
0 43 86 127 172 215 2 43 88 131 174 215 4 47 90 131 176 219 6 47 92 135 178 219 8 51 94 135 180 223 10 51 96 139 182 223 12 55 98 139 184 227 14 55 100 143 186 227 16 59 102 143 188 231 18 59 104 147 190 231 20 63 106 147 192 235 22 63 108 151 194 235 24 67 110 151 196 239 26 67 112 155 198 239 28 71 114 155 200 243 30 71 116 159 202 243 32 75 118 159 204 247 34 75 120 163 206 247 36 79 122 163 208 251 38 79 124 167 210 251 40 83 126 167 212 255 42 83 128 171 214 255 44 87 130 171 216 3 46 87 132 175 218 3 48 91 134 175 220 7 50 91 136 179 222 7 52 95 138 179 224 11 54 95 140 183 226 11 56 99 142 183 228 15 58 99 144 187 230 15 60 103 146 187 232 19 62 103 148 191 234 19 64 107 150 191 236 23 66 107 152 195 238 23 68 111 154 195 240 27 70 111 156 199 242 27 72 115 158 199 244 31 74 115 160 203 246 31 76 119 162 203 248 35 78 119 164 207 250 35 80 123 166 207 252 39 82 123 168 211 254 39 84 127 170 211
