0 0 0 0 0 0 0 0 0 0 0 0 0 0 0 0 0 0 0 0 0 0 0 0 0 0 0 0 0 0 0 0 0 0 0 0 0 0 0 0 0 0 0 0 0 0 0 0 0 0 0 0 0 0 0 0 0 0 0 0 0 0 0 0 0 0 0 0 0 0 0 0 0 0 0 0 0 0 0 0 0 0 0 0 0 0 0 0 0 0 0 0 0 0 0 0 0 0 0 0 0 0 0 0 0 0 0 0 0 0 0 0 0 0 0 0 0 0 0 0 0 0 0 0 0 0 0 0 0 0 0 0 0 0 0 0 0 0 0 0 0 0 0 0 0 0 0 0 0 0 0 0 0 0 0 0 0 0 0 0 0 0 0 0 0 0 0 0 0 0 0 0 0 0 0 0 0 0 0 0 0 0 0 0 0 0 0 0 0 0 0 0 0 0 0 0 0 0 0 0 0 0 0 0 0 0 0 0 0 0 0 0 0 0 0 0 0 0 0 0 0 0 0 0 0 0 0 0 0 0 0 0 0 0 0 0 0 0 0 0 0 0 0 0 0 0 0 0 0 0 0 0 0 0 0 0
0 0 2 2 4 4 6 6 8 8 10 10 12 12 14 14 16 16 18 18 20 20 22 22 24 24 26 26 28 28 30 30 32 32 34 34 36 36 38 38 40 40 42 42 44 44 46 46 48 48 50 50 52 52 54 54 56 56 58 58 60 60 62 62 64 64 66 66 68 68 70 70 72 72 74 74 76 76 78 78 80 80 82 82 84 84 86 86 88 88 90 90 92 92 94 94 96 96 98 98 100 100 102 102 104 104 106 106 108 108 110 110 112 112 114 114 116 116 118 118 120 120 122 122 124 124 126 126 128 128 130 130 132 132 134 134 136 136 138 138 140 140 142 142 144 144 146 146 148 148 150 150 152 152 154 154 156 156 158 158 160 160 162 162 164 164 166 166 168 168 170 170 172 172 174 174 176 176 178 178 180 180 182 182 184 184 186 186 188 188 190 190 192 192 194 194 196 196 198 198 200 200 202 202 204 204 206 206 208 208 210 210 212 212 214 214 216 216 218 218 220 220 222 222 224 224 226 226 228 228 230 230 232 232 234 234 236 236 238 238 240 240 242 242 244 244 246 246 248 248 250 250 252 252 254 254
0 2 4 6 8 10 12 14 16 18 20 22 24 26 28 30 32 34 36 38 40 42 44 46 48 50 52 54 56 58 60 62 64 66 68 70 72 74 76 78 80 82 84 86 88 90 92 94 96 98 100 102 104 106 108 110 112 114 116 118 120 122 124 126 128 130 132 134 136 138 140 142 144 146 148 150 152 154 156 158 160 162 164 166 168 170 172 174 176 178 180 182 184 186 188 190 192 194 196 198 200 202 204 206 208 210 212 214 216 218 220 222 224 226 228 230 232 234 236 238 240 242 244 246 248 250 252 254 256 258 260 262 264 266 268 270 272 274 276 278 280 282 284 286 288 290 292 294 296 298 300 302 304 306 308 310 312 314 316 318 320 322 324 326 328 330 332 334 336 338 340 342 344 346 348 350 352 354 356 358 360 362 364 366 368 370 372 374 376 378 380 382 384 386 388 390 392 394 396 398 400 402 404 406 408 410 412 414 416 418 420 422 424 426 428 430 432 434 436 438 440 442 444 446 448 450 452 454 456 458 460 462 464 466 468 470 472 474 476 478 480 482 484 486 488 490 492 494 496 498 500 502 504 506 508 510
0 2 6 8 12 14 18 20 24 26 30 32 36 38 42 44 48 50 54 56 60 62 66 68 72 74 78 80 84 86 90 92 96 98 102 104 108 110 114 116 120 122 126 128 132 134 138 140 144 146 150 152 156 158 162 164 168 170 174 176 180 182 186 188 192 194 198 200 204 206 210 212 216 218 222 224 228 230 234 236 240 242 246 248 252 254 258 260 264 266 270 272 276 278 282 284 288 290 294 296 300 302 306 308 312 314 318 320 324 326 330 332 336 338 342 344 348 350 354 356 360 362 366 368 372 374 378 380 384 386 390 392 396 398 402 404 408 410 414 416 420 422 426 428 432 434 438 440 444 446 450 452 456 458 462 464 468 470 474 476 480 482 486 488 492 494 498 500 504 506 510 512 516 518 522 524 528 530 534 536 540 542 546 548 552 554 558 560 564 566 570 572 576 578 582 584 588 590 594 596 600 602 606 608 612 614 618 620 624 626 630 632 636 638 642 644 648 650 654 656 660 662 666 668 672 674 678 680 684 686 690 692 696 698 702 704 708 710 714 716 720 722 726 728 732 734 738 740 744 746 750 752 756 758 762 764
0 4 8 12 16 20 24 28 32 36 40 44 48 52 56 60 64 68 72 76 80 84 88 92 96 100 104 108 112 116 120 124 128 132 136 140 144 148 152 156 160 164 168 172 176 180 184 188 192 196 200 204 208 212 216 220 224 228 232 236 240 244 248 252 256 260 264 268 272 276 280 284 288 292 296 300 304 308 312 316 320 324 328 332 336 340 344 348 352 356 360 364 368 372 376 380 384 388 392 396 400 404 408 412 416 420 424 428 432 436 440 444 448 452 456 460 464 468 472 476 480 484 488 492 496 500 504 508 512 516 520 524 528 532 536 540 544 548 552 556 560 564 568 572 576 580 584 588 592 596 600 604 608 612 616 620 624 628 632 636 640 644 648 652 656 660 664 668 672 676 680 684 688 692 696 700 704 708 712 716 720 724 728 732 736 740 744 748 752 756 760 764 768 772 776 780 784 788 792 796 800 804 808 812 816 820 824 828 832 836 840 844 848 852 856 860 864 868 872 876 880 884 888 892 896 900 904 908 912 916 920 924 928 932 936 940 944 948 952 956 960 964 968 972 976 980 984 988 992 996 1000 1004 1008 1012 1016 1020
0 4 10 14 20 24 30 34 40 44 50 54 60 64 70 74 80 84 90 94 100 104 110 114 120 124 130 134 140 144 150 154 160 164 170 174 180 184 190 194 200 204 210 214 220 224 230 234 240 244 250 254 260 264 270 274 280 284 290 294 300 304 310 314 320 324 330 334 340 344 350 354 360 364 370 374 380 384 390 394 400 404 410 414 420 424 430 434 440 444 450 454 460 464 470 474 480 484 490 494 500 504 510 514 520 524 530 534 540 544 550 554 560 564 570 574 580 584 590 594 600 604 610 614 620 624 630 634 640 644 650 654 660 664 670 674 680 684 690 694 700 704 710 714 720 724 730 734 740 744 750 754 760 764 770 774 780 784 790 794 800 804 810 814 820 824 830 834 840 844 850 854 860 864 870 874 880 884 890 894 900 904 910 914 920 924 930 934 940 944 950 954 960 964 970 974 980 984 990 994 1000 1004 1010 1014 1020 1024 1030 1034 1040 1044 1050 1054 1060 1064 1070 1074 1080 1084 1090 1094 1100 1104 1110 1114 1120 1124 1130 1134 1140 1144 1150 1154 1160 1164 1170 1174 1180 1184 1190 1194 1200 1204 1210 1214 1220 1224 1230 1234 1240 1244 1250 1254 1260 1264 1270 1274
0 6 12 18 24 30 36 42 48 54 60 66 72 78 84 90 96 102 108 114 120 126 132 138 144 150 156 162 168 174 180 186 192 198 204 210 216 222 228 234 240 246 252 258 264 270 276 282 288 294 300 306 312 318 324 330 336 342 348 354 360 366 372 378 384 390 396 402 408 414 420 426 432 438 444 450 456 462 468 474 480 486 492 498 504 510 516 522 528 534 540 546 552 558 564 570 576 582 588 594 600 606 612 618 624 630 636 642 648 654 660 666 672 678 684 690 696 702 708 714 720 726 732 738 744 750 756 762 768 774 780 786 792 798 804 810 816 822 828 834 840 846 852 858 864 870 876 882 888 894 900 906 912 918 924 930 936 942 948 954 960 966 972 978 984 990 996 1002 1008 1014 1020 1026 1032 1038 1044 1050 1056 1062 1068 1074 1080 1086 1092 1098 1104 1110 1116 1122 1128 1134 1140 1146 1152 1158 1164 1170 1176 1182 1188 1194 1200 1206 1212 1218 1224 1230 1236 1242 1248 1254 1260 1266 1272 1278 1284 1290 1296 1302 1308 1314 1320 1326 1332 1338 1344 1350 1356 1362 1368 1374 1380 1386 1392 1398 1404 1410 1416 1422 1428 1434 1440 1446 1452 1458 1464 1470 1476 1482 1488 1494 1500 1506 1512 1518 1524 1530
0 6 14 20 28 34 42 48 56 62 70 76 84 90 98 104 112 118 126 132 140 146 154 160 168 174 182 188 196 202 210 216 224 230 238 244 252 258 266 272 280 286 294 300 308 314 322 328 336 342 350 356 364 370 378 384 392 398 406 412 420 426 434 440 448 454 462 468 476 482 490 496 504 510 518 524 532 538 546 552 560 566 574 580 588 594 602 608 616 622 630 636 644 650 658 664 672 678 686 692 700 706 714 720 728 734 742 748 756 762 770 776 784 790 798 804 812 818 826 832 840 846 854 860 868 874 882 888 896 902 910 916 924 930 938 944 952 958 966 972 980 986 994 1000 1008 1014 1022 1028 1036 1042 1050 1056 1064 1070 1078 1084 1092 1098 1106 1112 1120 1126 1134 1140 1148 1154 1162 1168 1176 1182 1190 1196 1204 1210 1218 1224 1232 1238 1246 1252 1260 1266 1274 1280 1288 1294 1302 1308 1316 1322 1330 1336 1344 1350 1358 1364 1372 1378 1386 1392 1400 1406 1414 1420 1428 1434 1442 1448 1456 1462 1470 1476 1484 1490 1498 1504 1512 1518 1526 1532 1540 1546 1554 1560 1568 1574 1582 1588 1596 1602 1610 1616 1624 1630 1638 1644 1652 1658 1666 1672 1680 1686 1694 1700 1708 1714 1722 1728 1736 1742 1750 1756 1764 1770 1778 1784
0 8 16 24 32 40 48 56 64 72 80 88 96 104 112 120 128 136 144 152 160 168 176 184 192 200 208 216 224 232 240 248 256 264 272 280 288 296 304 312 320 328 336 344 352 360 368 376 384 392 400 408 416 424 432 440 448 456 464 472 480 488 496 504 512 520 528 536 544 552 560 568 576 584 592 600 608 616 624 632 640 648 656 664 672 680 688 696 704 712 720 728 736 744 752 760 768 776 784 792 800 808 816 824 832 840 848 856 864 872 880 888 896 904 912 920 928 936 944 952 960 968 976 984 992 1000 1008 1016 1024 1032 1040 1048 1056 1064 1072 1080 1088 1096 1104 1112 1120 1128 1136 1144 1152 1160 1168 1176 1184 1192 1200 1208 1216 1224 1232 1240 1248 1256 1264 1272 1280 1288 1296 1304 1312 1320 1328 1336 1344 1352 1360 1368 1376 1384 1392 1400 1408 1416 1424 1432 1440 1448 1456 1464 1472 1480 1488 1496 1504 1512 1520 1528 1536 1544 1552 1560 1568 1576 1584 1592 1600 1608 1616 1624 1632 1640 1648 1656 1664 1672 1680 1688 1696 1704 1712 1720 1728 1736 1744 1752 1760 1768 1776 1784 1792 1800 1808 1816 1824 1832 1840 1848 1856 1864 1872 1880 1888 1896 1904 1912 1920 1928 1936 1944 1952 1960 1968 1976 1984 1992 2000 2008 2016 2024 2032 2040
0 8 18 26 36 44 54 62 72 80 90 98 108 116 126 134 144 152 162 170 180 188 198 206 216 224 234 242 252 260 270 278 288 296 306 314 324 332 342 350 360 368 378 386 396 404 414 422 432 440 450 458 468 476 486 494 504 512 522 530 540 548 558 566 576 584 594 602 612 620 630 638 648 656 666 674 684 692 702 710 720 728 738 746 756 764 774 782 792 800 810 818 828 836 846 854 864 872 882 890 900 908 918 926 936 944 954 962 972 980 990 998 1008 1016 1026 1034 1044 1052 1062 1070 1080 1088 1098 1106 1116 1124 1134 1142 1152 1160 1170 1178 1188 1196 1206 1214 1224 1232 1242 1250 1260 1268 1278 1286 1296 1304 1314 1322 1332 1340 1350 1358 1368 1376 1386 1394 1404 1412 1422 1430 1440 1448 1458 1466 1476 1484 1494 1502 1512 1520 1530 1538 1548 1556 1566 1574 1584 1592 1602 1610 1620 1628 1638 1646 1656 1664 1674 1682 1692 1700 1710 1718 1728 1736 1746 1754 1764 1772 1782 1790 1800 1808 1818 1826 1836 1844 1854 1862 1872 1880 1890 1898 1908 1916 1926 1934 1944 1952 1962 1970 1980 1988 1998 2006 2016 2024 2034 2042 2052 2060 2070 2078 2088 2096 2106 2114 2124 2132 2142 2150 2160 2168 2178 2186 2196 2204 2214 2222 2232 2240 2250 2258 2268 2276 2286 2294
0 10 20 30 40 50 60 70 80 90 100 110 120 130 140 150 160 170 180 190 200 210 220 230 240 250 260 270 280 290 300 310 320 330 340 350 360 370 380 390 400 410 420 430 440 450 460 470 480 490 500 510 520 530 540 550 560 570 580 590 600 610 620 630 640 650 660 670 680 690 700 710 720 730 740 750 760 770 780 790 800 810 820 830 840 850 860 870 880 890 900 910 920 930 940 950 960 970 980 990 1000 1010 1020 1030 1040 1050 1060 1070 1080 1090 1100 1110 1120 1130 1140 1150 1160 1170 1180 1190 1200 1210 1220 1230 1240 1250 1260 1270 1280 1290 1300 1310 1320 1330 1340 1350 1360 1370 1380 1390 1400 1410 1420 1430 1440 1450 1460 1470 1480 1490 1500 1510 1520 1530 1540 1550 1560 1570 1580 1590 1600 1610 1620 1630 1640 1650 1660 1670 1680 1690 1700 1710 1720 1730 1740 1750 1760 1770 1780 1790 1800 1810 1820 1830 1840 1850 1860 1870 1880 1890 1900 1910 1920 1930 1940 1950 1960 1970 1980 1990 2000 2010 2020 2030 2040 2050 2060 2070 2080 2090 2100 2110 2120 2130 2140 2150 2160 2170 2180 2190 2200 2210 2220 2230 2240 2250 2260 2270 2280 2290 2300 2310 2320 2330 2340 2350 2360 2370 2380 2390 2400 2410 2420 2430 2440 2450 2460 2470 2480 2490 2500 2510 2520 2530 2540 2550
0 10 22 32 44 54 66 76 88 98 110 120 132 142 154 164 176 186 198 208 220 230 242 252 264 274 286 296 308 318 330 340 352 362 374 384 396 406 418 428 440 450 462 472 484 494 506 516 528 538 550 560 572 582 594 604 616 626 638 648 660 670 682 692 704 714 726 736 748 758 770 780 792 802 814 824 836 846 858 868 880 890 902 912 924 934 946 956 968 978 990 1000 1012 1022 1034 1044 1056 1066 1078 1088 1100 1110 1122 1132 1144 1154 1166 1176 1188 1198 1210 1220 1232 1242 1254 1264 1276 1286 1298 1308 1320 1330 1342 1352 1364 1374 1386 1396 1408 1418 1430 1440 1452 1462 1474 1484 1496 1506 1518 1528 1540 1550 1562 1572 1584 1594 1606 1616 1628 1638 1650 1660 1672 1682 1694 1704 1716 1726 1738 1748 1760 1770 1782 1792 1804 1814 1826 1836 1848 1858 1870 1880 1892 1902 1914 1924 1936 1946 1958 1968 1980 1990 2002 2012 2024 2034 2046 2056 2068 2078 2090 2100 2112 2122 2134 2144 2156 2166 2178 2188 2200 2210 2222 2232 2244 2254 2266 2276 2288 2298 2310 2320 2332 2342 2354 2364 2376 2386 2398 2408 2420 2430 2442 2452 2464 2474 2486 2496 2508 2518 2530 2540 2552 2562 2574 2584 2596 2606 2618 2628 2640 2650 2662 2672 2684 2694 2706 2716 2728 2738 2750 2760 2772 2782 2794 2804
0 12 24 36 48 60 72 84 96 108 120 132 144 156 168 180 192 204 216 228 240 252 264 276 288 300 312 324 336 348 360 372 384 396 408 420 432 444 456 468 480 492 504 516 528 540 552 564 576 588 600 612 624 636 648 660 672 684 696 708 720 732 744 756 768 780 792 804 816 828 840 852 864 876 888 900 912 924 936 948 960 972 984 996 1008 1020 1032 1044 1056 1068 1080 1092 1104 1116 1128 1140 1152 1164 1176 1188 1200 1212 1224 1236 1248 1260 1272 1284 1296 1308 1320 1332 1344 1356 1368 1380 1392 1404 1416 1428 1440 1452 1464 1476 1488 1500 1512 1524 1536 1548 1560 1572 1584 1596 1608 1620 1632 1644 1656 1668 1680 1692 1704 1716 1728 1740 1752 1764 1776 1788 1800 1812 1824 1836 1848 1860 1872 1884 1896 1908 1920 1932 1944 1956 1968 1980 1992 2004 2016 2028 2040 2052 2064 2076 2088 2100 2112 2124 2136 2148 2160 2172 2184 2196 2208 2220 2232 2244 2256 2268 2280 2292 2304 2316 2328 2340 2352 2364 2376 2388 2400 2412 2424 2436 2448 2460 2472 2484 2496 2508 2520 2532 2544 2556 2568 2580 2592 2604 2616 2628 2640 2652 2664 2676 2688 2700 2712 2724 2736 2748 2760 2772 2784 2796 2808 2820 2832 2844 2856 2868 2880 2892 2904 2916 2928 2940 2952 2964 2976 2988 3000 3012 3024 3036 3048 3060
0 12 26 38 52 64 78 90 104 116 130 142 156 168 182 194 208 220 234 246 260 272 286 298 312 324 338 350 364 376 390 402 416 428 442 454 468 480 494 506 520 532 546 558 572 584 598 610 624 636 650 662 676 688 702 714 728 740 754 766 780 792 806 818 832 844 858 870 884 896 910 922 936 948 962 974 988 1000 1014 1026 1040 1052 1066 1078 1092 1104 1118 1130 1144 1156 1170 1182 1196 1208 1222 1234 1248 1260 1274 1286 1300 1312 1326 1338 1352 1364 1378 1390 1404 1416 1430 1442 1456 1468 1482 1494 1508 1520 1534 1546 1560 1572 1586 1598 1612 1624 1638 1650 1664 1676 1690 1702 1716 1728 1742 1754 1768 1780 1794 1806 1820 1832 1846 1858 1872 1884 1898 1910 1924 1936 1950 1962 1976 1988 2002 2014 2028 2040 2054 2066 2080 2092 2106 2118 2132 2144 2158 2170 2184 2196 2210 2222 2236 2248 2262 2274 2288 2300 2314 2326 2340 2352 2366 2378 2392 2404 2418 2430 2444 2456 2470 2482 2496 2508 2522 2534 2548 2560 2574 2586 2600 2612 2626 2638 2652 2664 2678 2690 2704 2716 2730 2742 2756 2768 2782 2794 2808 2820 2834 2846 2860 2872 2886 2898 2912 2924 2938 2950 2964 2976 2990 3002 3016 3028 3042 3054 3068 3080 3094 3106 3120 3132 3146 3158 3172 3184 3198 3210 3224 3236 3250 3262 3276 3288 3302 3314
0 14 28 42 56 70 84 98 112 126 140 154 168 182 196 210 224 238 252 266 280 294 308 322 336 350 364 378 392 406 420 434 448 462 476 490 504 518 532 546 560 574 588 602 616 630 644 658 672 686 700 714 728 742 756 770 784 798 812 826 840 854 868 882 896 910 924 938 952 966 980 994 1008 1022 1036 1050 1064 1078 1092 1106 1120 1134 1148 1162 1176 1190 1204 1218 1232 1246 1260 1274 1288 1302 1316 1330 1344 1358 1372 1386 1400 1414 1428 1442 1456 1470 1484 1498 1512 1526 1540 1554 1568 1582 1596 1610 1624 1638 1652 1666 1680 1694 1708 1722 1736 1750 1764 1778 1792 1806 1820 1834 1848 1862 1876 1890 1904 1918 1932 1946 1960 1974 1988 2002 2016 2030 2044 2058 2072 2086 2100 2114 2128 2142 2156 2170 2184 2198 2212 2226 2240 2254 2268 2282 2296 2310 2324 2338 2352 2366 2380 2394 2408 2422 2436 2450 2464 2478 2492 2506 2520 2534 2548 2562 2576 2590 2604 2618 2632 2646 2660 2674 2688 2702 2716 2730 2744 2758 2772 2786 2800 2814 2828 2842 2856 2870 2884 2898 2912 2926 2940 2954 2968 2982 2996 3010 3024 3038 3052 3066 3080 3094 3108 3122 3136 3150 3164 3178 3192 3206 3220 3234 3248 3262 3276 3290 3304 3318 3332 3346 3360 3374 3388 3402 3416 3430 3444 3458 3472 3486 3500 3514 3528 3542 3556 3570
0 14 30 44 60 74 90 104 120 134 150 164 180 194 210 224 240 254 270 284 300 314 330 344 360 374 390 404 420 434 450 464 480 494 510 524 540 554 570 584 600 614 630 644 660 674 690 704 720 734 750 764 780 794 810 824 840 854 870 884 900 914 930 944 960 974 990 1004 1020 1034 1050 1064 1080 1094 1110 1124 1140 1154 1170 1184 1200 1214 1230 1244 1260 1274 1290 1304 1320 1334 1350 1364 1380 1394 1410 1424 1440 1454 1470 1484 1500 1514 1530 1544 1560 1574 1590 1604 1620 1634 1650 1664 1680 1694 1710 1724 1740 1754 1770 1784 1800 1814 1830 1844 1860 1874 1890 1904 1920 1934 1950 1964 1980 1994 2010 2024 2040 2054 2070 2084 2100 2114 2130 2144 2160 2174 2190 2204 2220 2234 2250 2264 2280 2294 2310 2324 2340 2354 2370 2384 2400 2414 2430 2444 2460 2474 2490 2504 2520 2534 2550 2564 2580 2594 2610 2624 2640 2654 2670 2684 2700 2714 2730 2744 2760 2774 2790 2804 2820 2834 2850 2864 2880 2894 2910 2924 2940 2954 2970 2984 3000 3014 3030 3044 3060 3074 3090 3104 3120 3134 3150 3164 3180 3194 3210 3224 3240 3254 3270 3284 3300 3314 3330 3344 3360 3374 3390 3404 3420 3434 3450 3464 3480 3494 3510 3524 3540 3554 3570 3584 3600 3614 3630 3644 3660 3674 3690 3704 3720 3734 3750 3764 3780 3794 3810 3824
0 16 32 48 64 80 96 112 128 144 160 176 192 208 224 240 256 272 288 304 320 336 352 368 384 400 416 432 448 464 480 496 512 528 544 560 576 592 608 624 640 656 672 688 704 720 736 752 768 784 800 816 832 848 864 880 896 912 928 944 960 976 992 1008 1024 1040 1056 1072 1088 1104 1120 1136 1152 1168 1184 1200 1216 1232 1248 1264 1280 1296 1312 1328 1344 1360 1376 1392 1408 1424 1440 1456 1472 1488 1504 1520 1536 1552 1568 1584 1600 1616 1632 1648 1664 1680 1696 1712 1728 1744 1760 1776 1792 1808 1824 1840 1856 1872 1888 1904 1920 1936 1952 1968 1984 2000 2016 2032 2048 2064 2080 2096 2112 2128 2144 2160 2176 2192 2208 2224 2240 2256 2272 2288 2304 2320 2336 2352 2368 2384 2400 2416 2432 2448 2464 2480 2496 2512 2528 2544 2560 2576 2592 2608 2624 2640 2656 2672 2688 2704 2720 2736 2752 2768 2784 2800 2816 2832 2848 2864 2880 2896 2912 2928 2944 2960 2976 2992 3008 3024 3040 3056 3072 3088 3104 3120 3136 3152 3168 3184 3200 3216 3232 3248 3264 3280 3296 3312 3328 3344 3360 3376 3392 3408 3424 3440 3456 3472 3488 3504 3520 3536 3552 3568 3584 3600 3616 3632 3648 3664 3680 3696 3712 3728 3744 3760 3776 3792 3808 3824 3840 3856 3872 3888 3904 3920 3936 3952 3968 3984 4000 4016 4032 4048 4064 4080
0 16 34 50 68 84 102 118 136 152 170 186 204 220 238 254 272 288 306 322 340 356 374 390 408 424 442 458 476 492 510 526 544 560 578 594 612 628 646 662 680 696 714 730 748 764 782 798 816 832 850 866 884 900 918 934 952 968 986 1002 1020 1036 1054 1070 1088 1104 1122 1138 1156 1172 1190 1206 1224 1240 1258 1274 1292 1308 1326 1342 1360 1376 1394 1410 1428 1444 1462 1478 1496 1512 1530 1546 1564 1580 1598 1614 1632 1648 1666 1682 1700 1716 1734 1750 1768 1784 1802 1818 1836 1852 1870 1886 1904 1920 1938 1954 1972 1988 2006 2022 2040 2056 2074 2090 2108 2124 2142 2158 2176 2192 2210 2226 2244 2260 2278 2294 2312 2328 2346 2362 2380 2396 2414 2430 2448 2464 2482 2498 2516 2532 2550 2566 2584 2600 2618 2634 2652 2668 2686 2702 2720 2736 2754 2770 2788 2804 2822 2838 2856 2872 2890 2906 2924 2940 2958 2974 2992 3008 3026 3042 3060 3076 3094 3110 3128 3144 3162 3178 3196 3212 3230 3246 3264 3280 3298 3314 3332 3348 3366 3382 3400 3416 3434 3450 3468 3484 3502 3518 3536 3552 3570 3586 3604 3620 3638 3654 3672 3688 3706 3722 3740 3756 3774 3790 3808 3824 3842 3858 3876 3892 3910 3926 3944 3960 3978 3994 4012 4028 4046 4062 4080 4096 4114 4130 4148 4164 4182 4198 4216 4232 4250 4266 4284 4300 4318 4334
0 18 36 54 72 90 108 126 144 162 180 198 216 234 252 270 288 306 324 342 360 378 396 414 432 450 468 486 504 522 540 558 576 594 612 630 648 666 684 702 720 738 756 774 792 810 828 846 864 882 900 918 936 954 972 990 1008 1026 1044 1062 1080 1098 1116 1134 1152 1170 1188 1206 1224 1242 1260 1278 1296 1314 1332 1350 1368 1386 1404 1422 1440 1458 1476 1494 1512 1530 1548 1566 1584 1602 1620 1638 1656 1674 1692 1710 1728 1746 1764 1782 1800 1818 1836 1854 1872 1890 1908 1926 1944 1962 1980 1998 2016 2034 2052 2070 2088 2106 2124 2142 2160 2178 2196 2214 2232 2250 2268 2286 2304 2322 2340 2358 2376 2394 2412 2430 2448 2466 2484 2502 2520 2538 2556 2574 2592 2610 2628 2646 2664 2682 2700 2718 2736 2754 2772 2790 2808 2826 2844 2862 2880 2898 2916 2934 2952 2970 2988 3006 3024 3042 3060 3078 3096 3114 3132 3150 3168 3186 3204 3222 3240 3258 3276 3294 3312 3330 3348 3366 3384 3402 3420 3438 3456 3474 3492 3510 3528 3546 3564 3582 3600 3618 3636 3654 3672 3690 3708 3726 3744 3762 3780 3798 3816 3834 3852 3870 3888 3906 3924 3942 3960 3978 3996 4014 4032 4050 4068 4086 4104 4122 4140 4158 4176 4194 4212 4230 4248 4266 4284 4302 4320 4338 4356 4374 4392 4410 4428 4446 4464 4482 4500 4518 4536 4554 4572 4590
0 18 38 56 76 94 114 132 152 170 190 208 228 246 266 284 304 322 342 360 380 398 418 436 456 474 494 512 532 550 570 588 608 626 646 664 684 702 722 740 760 778 798 816 836 854 874 892 912 930 950 968 988 1006 1026 1044 1064 1082 1102 1120 1140 1158 1178 1196 1216 1234 1254 1272 1292 1310 1330 1348 1368 1386 1406 1424 1444 1462 1482 1500 1520 1538 1558 1576 1596 1614 1634 1652 1672 1690 1710 1728 1748 1766 1786 1804 1824 1842 1862 1880 1900 1918 1938 1956 1976 1994 2014 2032 2052 2070 2090 2108 2128 2146 2166 2184 2204 2222 2242 2260 2280 2298 2318 2336 2356 2374 2394 2412 2432 2450 2470 2488 2508 2526 2546 2564 2584 2602 2622 2640 2660 2678 2698 2716 2736 2754 2774 2792 2812 2830 2850 2868 2888 2906 2926 2944 2964 2982 3002 3020 3040 3058 3078 3096 3116 3134 3154 3172 3192 3210 3230 3248 3268 3286 3306 3324 3344 3362 3382 3400 3420 3438 3458 3476 3496 3514 3534 3552 3572 3590 3610 3628 3648 3666 3686 3704 3724 3742 3762 3780 3800 3818 3838 3856 3876 3894 3914 3932 3952 3970 3990 4008 4028 4046 4066 4084 4104 4122 4142 4160 4180 4198 4218 4236 4256 4274 4294 4312 4332 4350 4370 4388 4408 4426 4446 4464 4484 4502 4522 4540 4560 4578 4598 4616 4636 4654 4674 4692 4712 4730 4750 4768 4788 4806 4826 4844
0 20 40 60 80 100 120 140 160 180 200 220 240 260 280 300 320 340 360 380 400 420 440 460 480 500 520 540 560 580 600 620 640 660 680 700 720 740 760 780 800 820 840 860 880 900 920 940 960 980 1000 1020 1040 1060 1080 1100 1120 1140 1160 1180 1200 1220 1240 1260 1280 1300 1320 1340 1360 1380 1400 1420 1440 1460 1480 1500 1520 1540 1560 1580 1600 1620 1640 1660 1680 1700 1720 1740 1760 1780 1800 1820 1840 1860 1880 1900 1920 1940 1960 1980 2000 2020 2040 2060 2080 2100 2120 2140 2160 2180 2200 2220 2240 2260 2280 2300 2320 2340 2360 2380 2400 2420 2440 2460 2480 2500 2520 2540 2560 2580 2600 2620 2640 2660 2680 2700 2720 2740 2760 2780 2800 2820 2840 2860 2880 2900 2920 2940 2960 2980 3000 3020 3040 3060 3080 3100 3120 3140 3160 3180 3200 3220 3240 3260 3280 3300 3320 3340 3360 3380 3400 3420 3440 3460 3480 3500 3520 3540 3560 3580 3600 3620 3640 3660 3680 3700 3720 3740 3760 3780 3800 3820 3840 3860 3880 3900 3920 3940 3960 3980 4000 4020 4040 4060 4080 4100 4120 4140 4160 4180 4200 4220 4240 4260 4280 4300 4320 4340 4360 4380 4400 4420 4440 4460 4480 4500 4520 4540 4560 4580 4600 4620 4640 4660 4680 4700 4720 4740 4760 4780 4800 4820 4840 4860 4880 4900 4920 4940 4960 4980 5000 5020 5040 5060 5080 5100
0 20 42 62 84 104 126 146 168 188 210 230 252 272 294 314 336 356 378 398 420 440 462 482 504 524 546 566 588 608 630 650 672 692 714 734 756 776 798 818 840 860 882 902 924 944 966 986 1008 1028 1050 1070 1092 1112 1134 1154 1176 1196 1218 1238 1260 1280 1302 1322 1344 1364 1386 1406 1428 1448 1470 1490 1512 1532 1554 1574 1596 1616 1638 1658 1680 1700 1722 1742 1764 1784 1806 1826 1848 1868 1890 1910 1932 1952 1974 1994 2016 2036 2058 2078 2100 2120 2142 2162 2184 2204 2226 2246 2268 2288 2310 2330 2352 2372 2394 2414 2436 2456 2478 2498 2520 2540 2562 2582 2604 2624 2646 2666 2688 2708 2730 2750 2772 2792 2814 2834 2856 2876 2898 2918 2940 2960 2982 3002 3024 3044 3066 3086 3108 3128 3150 3170 3192 3212 3234 3254 3276 3296 3318 3338 3360 3380 3402 3422 3444 3464 3486 3506 3528 3548 3570 3590 3612 3632 3654 3674 3696 3716 3738 3758 3780 3800 3822 3842 3864 3884 3906 3926 3948 3968 3990 4010 4032 4052 4074 4094 4116 4136 4158 4178 4200 4220 4242 4262 4284 4304 4326 4346 4368 4388 4410 4430 4452 4472 4494 4514 4536 4556 4578 4598 4620 4640 4662 4682 4704 4724 4746 4766 4788 4808 4830 4850 4872 4892 4914 4934 4956 4976 4998 5018 5040 5060 5082 5102 5124 5144 5166 5186 5208 5228 5250 5270 5292 5312 5334 5354
0 22 44 66 88 110 132 154 176 198 220 242 264 286 308 330 352 374 396 418 440 462 484 506 528 550 572 594 616 638 660 682 704 726 748 770 792 814 836 858 880 902 924 946 968 990 1012 1034 1056 1078 1100 1122 1144 1166 1188 1210 1232 1254 1276 1298 1320 1342 1364 1386 1408 1430 1452 1474 1496 1518 1540 1562 1584 1606 1628 1650 1672 1694 1716 1738 1760 1782 1804 1826 1848 1870 1892 1914 1936 1958 1980 2002 2024 2046 2068 2090 2112 2134 2156 2178 2200 2222 2244 2266 2288 2310 2332 2354 2376 2398 2420 2442 2464 2486 2508 2530 2552 2574 2596 2618 2640 2662 2684 2706 2728 2750 2772 2794 2816 2838 2860 2882 2904 2926 2948 2970 2992 3014 3036 3058 3080 3102 3124 3146 3168 3190 3212 3234 3256 3278 3300 3322 3344 3366 3388 3410 3432 3454 3476 3498 3520 3542 3564 3586 3608 3630 3652 3674 3696 3718 3740 3762 3784 3806 3828 3850 3872 3894 3916 3938 3960 3982 4004 4026 4048 4070 4092 4114 4136 4158 4180 4202 4224 4246 4268 4290 4312 4334 4356 4378 4400 4422 4444 4466 4488 4510 4532 4554 4576 4598 4620 4642 4664 4686 4708 4730 4752 4774 4796 4818 4840 4862 4884 4906 4928 4950 4972 4994 5016 5038 5060 5082 5104 5126 5148 5170 5192 5214 5236 5258 5280 5302 5324 5346 5368 5390 5412 5434 5456 5478 5500 5522 5544 5566 5588 5610
0 22 46 68 92 114 138 160 184 206 230 252 276 298 322 344 368 390 414 436 460 482 506 528 552 574 598 620 644 666 690 712 736 758 782 804 828 850 874 896 920 942 966 988 1012 1034 1058 1080 1104 1126 1150 1172 1196 1218 1242 1264 1288 1310 1334 1356 1380 1402 1426 1448 1472 1494 1518 1540 1564 1586 1610 1632 1656 1678 1702 1724 1748 1770 1794 1816 1840 1862 1886 1908 1932 1954 1978 2000 2024 2046 2070 2092 2116 2138 2162 2184 2208 2230 2254 2276 2300 2322 2346 2368 2392 2414 2438 2460 2484 2506 2530 2552 2576 2598 2622 2644 2668 2690 2714 2736 2760 2782 2806 2828 2852 2874 2898 2920 2944 2966 2990 3012 3036 3058 3082 3104 3128 3150 3174 3196 3220 3242 3266 3288 3312 3334 3358 3380 3404 3426 3450 3472 3496 3518 3542 3564 3588 3610 3634 3656 3680 3702 3726 3748 3772 3794 3818 3840 3864 3886 3910 3932 3956 3978 4002 4024 4048 4070 4094 4116 4140 4162 4186 4208 4232 4254 4278 4300 4324 4346 4370 4392 4416 4438 4462 4484 4508 4530 4554 4576 4600 4622 4646 4668 4692 4714 4738 4760 4784 4806 4830 4852 4876 4898 4922 4944 4968 4990 5014 5036 5060 5082 5106 5128 5152 5174 5198 5220 5244 5266 5290 5312 5336 5358 5382 5404 5428 5450 5474 5496 5520 5542 5566 5588 5612 5634 5658 5680 5704 5726 5750 5772 5796 5818 5842 5864
0 24 48 72 96 120 144 168 192 216 240 264 288 312 336 360 384 408 432 456 480 504 528 552 576 600 624 648 672 696 720 744 768 792 816 840 864 888 912 936 960 984 1008 1032 1056 1080 1104 1128 1152 1176 1200 1224 1248 1272 1296 1320 1344 1368 1392 1416 1440 1464 1488 1512 1536 1560 1584 1608 1632 1656 1680 1704 1728 1752 1776 1800 1824 1848 1872 1896 1920 1944 1968 1992 2016 2040 2064 2088 2112 2136 2160 2184 2208 2232 2256 2280 2304 2328 2352 2376 2400 2424 2448 2472 2496 2520 2544 2568 2592 2616 2640 2664 2688 2712 2736 2760 2784 2808 2832 2856 2880 2904 2928 2952 2976 3000 3024 3048 3072 3096 3120 3144 3168 3192 3216 3240 3264 3288 3312 3336 3360 3384 3408 3432 3456 3480 3504 3528 3552 3576 3600 3624 3648 3672 3696 3720 3744 3768 3792 3816 3840 3864 3888 3912 3936 3960 3984 4008 4032 4056 4080 4104 4128 4152 4176 4200 4224 4248 4272 4296 4320 4344 4368 4392 4416 4440 4464 4488 4512 4536 4560 4584 4608 4632 4656 4680 4704 4728 4752 4776 4800 4824 4848 4872 4896 4920 4944 4968 4992 5016 5040 5064 5088 5112 5136 5160 5184 5208 5232 5256 5280 5304 5328 5352 5376 5400 5424 5448 5472 5496 5520 5544 5568 5592 5616 5640 5664 5688 5712 5736 5760 5784 5808 5832 5856 5880 5904 5928 5952 5976 6000 6024 6048 6072 6096 6120
0 24 50 74 100 124 150 174 200 224 250 274 300 324 350 374 400 424 450 474 500 524 550 574 600 624 650 674 700 724 750 774 800 824 850 874 900 924 950 974 1000 1024 1050 1074 1100 1124 1150 1174 1200 1224 1250 1274 1300 1324 1350 1374 1400 1424 1450 1474 1500 1524 1550 1574 1600 1624 1650 1674 1700 1724 1750 1774 1800 1824 1850 1874 1900 1924 1950 1974 2000 2024 2050 2074 2100 2124 2150 2174 2200 2224 2250 2274 2300 2324 2350 2374 2400 2424 2450 2474 2500 2524 2550 2574 2600 2624 2650 2674 2700 2724 2750 2774 2800 2824 2850 2874 2900 2924 2950 2974 3000 3024 3050 3074 3100 3124 3150 3174 3200 3224 3250 3274 3300 3324 3350 3374 3400 3424 3450 3474 3500 3524 3550 3574 3600 3624 3650 3674 3700 3724 3750 3774 3800 3824 3850 3874 3900 3924 3950 3974 4000 4024 4050 4074 4100 4124 4150 4174 4200 4224 4250 4274 4300 4324 4350 4374 4400 4424 4450 4474 4500 4524 4550 4574 4600 4624 4650 4674 4700 4724 4750 4774 4800 4824 4850 4874 4900 4924 4950 4974 5000 5024 5050 5074 5100 5124 5150 5174 5200 5224 5250 5274 5300 5324 5350 5374 5400 5424 5450 5474 5500 5524 5550 5574 5600 5624 5650 5674 5700 5724 5750 5774 5800 5824 5850 5874 5900 5924 5950 5974 6000 6024 6050 6074 6100 6124 6150 6174 6200 6224 6250 6274 6300 6324 6350 6374
0 26 52 78 104 130 156 182 208 234 260 286 312 338 364 390 416 442 468 494 520 546 572 598 624 650 676 702 728 754 780 806 832 858 884 910 936 962 988 1014 1040 1066 1092 1118 1144 1170 1196 1222 1248 1274 1300 1326 1352 1378 1404 1430 1456 1482 1508 1534 1560 1586 1612 1638 1664 1690 1716 1742 1768 1794 1820 1846 1872 1898 1924 1950 1976 2002 2028 2054 2080 2106 2132 2158 2184 2210 2236 2262 2288 2314 2340 2366 2392 2418 2444 2470 2496 2522 2548 2574 2600 2626 2652 2678 2704 2730 2756 2782 2808 2834 2860 2886 2912 2938 2964 2990 3016 3042 3068 3094 3120 3146 3172 3198 3224 3250 3276 3302 3328 3354 3380 3406 3432 3458 3484 3510 3536 3562 3588 3614 3640 3666 3692 3718 3744 3770 3796 3822 3848 3874 3900 3926 3952 3978 4004 4030 4056 4082 4108 4134 4160 4186 4212 4238 4264 4290 4316 4342 4368 4394 4420 4446 4472 4498 4524 4550 4576 4602 4628 4654 4680 4706 4732 4758 4784 4810 4836 4862 4888 4914 4940 4966 4992 5018 5044 5070 5096 5122 5148 5174 5200 5226 5252 5278 5304 5330 5356 5382 5408 5434 5460 5486 5512 5538 5564 5590 5616 5642 5668 5694 5720 5746 5772 5798 5824 5850 5876 5902 5928 5954 5980 6006 6032 6058 6084 6110 6136 6162 6188 6214 6240 6266 6292 6318 6344 6370 6396 6422 6448 6474 6500 6526 6552 6578 6604 6630
0 26 54 80 108 134 162 188 216 242 270 296 324 350 378 404 432 458 486 512 540 566 594 620 648 674 702 728 756 782 810 836 864 890 918 944 972 998 1026 1052 1080 1106 1134 1160 1188 1214 1242 1268 1296 1322 1350 1376 1404 1430 1458 1484 1512 1538 1566 1592 1620 1646 1674 1700 1728 1754 1782 1808 1836 1862 1890 1916 1944 1970 1998 2024 2052 2078 2106 2132 2160 2186 2214 2240 2268 2294 2322 2348 2376 2402 2430 2456 2484 2510 2538 2564 2592 2618 2646 2672 2700 2726 2754 2780 2808 2834 2862 2888 2916 2942 2970 2996 3024 3050 3078 3104 3132 3158 3186 3212 3240 3266 3294 3320 3348 3374 3402 3428 3456 3482 3510 3536 3564 3590 3618 3644 3672 3698 3726 3752 3780 3806 3834 3860 3888 3914 3942 3968 3996 4022 4050 4076 4104 4130 4158 4184 4212 4238 4266 4292 4320 4346 4374 4400 4428 4454 4482 4508 4536 4562 4590 4616 4644 4670 4698 4724 4752 4778 4806 4832 4860 4886 4914 4940 4968 4994 5022 5048 5076 5102 5130 5156 5184 5210 5238 5264 5292 5318 5346 5372 5400 5426 5454 5480 5508 5534 5562 5588 5616 5642 5670 5696 5724 5750 5778 5804 5832 5858 5886 5912 5940 5966 5994 6020 6048 6074 6102 6128 6156 6182 6210 6236 6264 6290 6318 6344 6372 6398 6426 6452 6480 6506 6534 6560 6588 6614 6642 6668 6696 6722 6750 6776 6804 6830 6858 6884
0 28 56 84 112 140 168 196 224 252 280 308 336 364 392 420 448 476 504 532 560 588 616 644 672 700 728 756 784 812 840 868 896 924 952 980 1008 1036 1064 1092 1120 1148 1176 1204 1232 1260 1288 1316 1344 1372 1400 1428 1456 1484 1512 1540 1568 1596 1624 1652 1680 1708 1736 1764 1792 1820 1848 1876 1904 1932 1960 1988 2016 2044 2072 2100 2128 2156 2184 2212 2240 2268 2296 2324 2352 2380 2408 2436 2464 2492 2520 2548 2576 2604 2632 2660 2688 2716 2744 2772 2800 2828 2856 2884 2912 2940 2968 2996 3024 3052 3080 3108 3136 3164 3192 3220 3248 3276 3304 3332 3360 3388 3416 3444 3472 3500 3528 3556 3584 3612 3640 3668 3696 3724 3752 3780 3808 3836 3864 3892 3920 3948 3976 4004 4032 4060 4088 4116 4144 4172 4200 4228 4256 4284 4312 4340 4368 4396 4424 4452 4480 4508 4536 4564 4592 4620 4648 4676 4704 4732 4760 4788 4816 4844 4872 4900 4928 4956 4984 5012 5040 5068 5096 5124 5152 5180 5208 5236 5264 5292 5320 5348 5376 5404 5432 5460 5488 5516 5544 5572 5600 5628 5656 5684 5712 5740 5768 5796 5824 5852 5880 5908 5936 5964 5992 6020 6048 6076 6104 6132 6160 6188 6216 6244 6272 6300 6328 6356 6384 6412 6440 6468 6496 6524 6552 6580 6608 6636 6664 6692 6720 6748 6776 6804 6832 6860 6888 6916 6944 6972 7000 7028 7056 7084 7112 7140
0 28 58 86 116 144 174 202 232 260 290 318 348 376 406 434 464 492 522 550 580 608 638 666 696 724 754 782 812 840 870 898 928 956 986 1014 1044 1072 1102 1130 1160 1188 1218 1246 1276 1304 1334 1362 1392 1420 1450 1478 1508 1536 1566 1594 1624 1652 1682 1710 1740 1768 1798 1826 1856 1884 1914 1942 1972 2000 2030 2058 2088 2116 2146 2174 2204 2232 2262 2290 2320 2348 2378 2406 2436 2464 2494 2522 2552 2580 2610 2638 2668 2696 2726 2754 2784 2812 2842 2870 2900 2928 2958 2986 3016 3044 3074 3102 3132 3160 3190 3218 3248 3276 3306 3334 3364 3392 3422 3450 3480 3508 3538 3566 3596 3624 3654 3682 3712 3740 3770 3798 3828 3856 3886 3914 3944 3972 4002 4030 4060 4088 4118 4146 4176 4204 4234 4262 4292 4320 4350 4378 4408 4436 4466 4494 4524 4552 4582 4610 4640 4668 4698 4726 4756 4784 4814 4842 4872 4900 4930 4958 4988 5016 5046 5074 5104 5132 5162 5190 5220 5248 5278 5306 5336 5364 5394 5422 5452 5480 5510 5538 5568 5596 5626 5654 5684 5712 5742 5770 5800 5828 5858 5886 5916 5944 5974 6002 6032 6060 6090 6118 6148 6176 6206 6234 6264 6292 6322 6350 6380 6408 6438 6466 6496 6524 6554 6582 6612 6640 6670 6698 6728 6756 6786 6814 6844 6872 6902 6930 6960 6988 7018 7046 7076 7104 7134 7162 7192 7220 7250 7278 7308 7336 7366 7394
0 30 60 90 120 150 180 210 240 270 300 330 360 390 420 450 480 510 540 570 600 630 660 690 720 750 780 810 840 870 900 930 960 990 1020 1050 1080 1110 1140 1170 1200 1230 1260 1290 1320 1350 1380 1410 1440 1470 1500 1530 1560 1590 1620 1650 1680 1710 1740 1770 1800 1830 1860 1890 1920 1950 1980 2010 2040 2070 2100 2130 2160 2190 2220 2250 2280 2310 2340 2370 2400 2430 2460 2490 2520 2550 2580 2610 2640 2670 2700 2730 2760 2790 2820 2850 2880 2910 2940 2970 3000 3030 3060 3090 3120 3150 3180 3210 3240 3270 3300 3330 3360 3390 3420 3450 3480 3510 3540 3570 3600 3630 3660 3690 3720 3750 3780 3810 3840 3870 3900 3930 3960 3990 4020 4050 4080 4110 4140 4170 4200 4230 4260 4290 4320 4350 4380 4410 4440 4470 4500 4530 4560 4590 4620 4650 4680 4710 4740 4770 4800 4830 4860 4890 4920 4950 4980 5010 5040 5070 5100 5130 5160 5190 5220 5250 5280 5310 5340 5370 5400 5430 5460 5490 5520 5550 5580 5610 5640 5670 5700 5730 5760 5790 5820 5850 5880 5910 5940 5970 6000 6030 6060 6090 6120 6150 6180 6210 6240 6270 6300 6330 6360 6390 6420 6450 6480 6510 6540 6570 6600 6630 6660 6690 6720 6750 6780 6810 6840 6870 6900 6930 6960 6990 7020 7050 7080 7110 7140 7170 7200 7230 7260 7290 7320 7350 7380 7410 7440 7470 7500 7530 7560 7590 7620 7650
0 30 62 92 124 154 186 216 248 278 310 340 372 402 434 464 496 526 558 588 620 650 682 712 744 774 806 836 868 898 930 960 992 1022 1054 1084 1116 1146 1178 1208 1240 1270 1302 1332 1364 1394 1426 1456 1488 1518 1550 1580 1612 1642 1674 1704 1736 1766 1798 1828 1860 1890 1922 1952 1984 2014 2046 2076 2108 2138 2170 2200 2232 2262 2294 2324 2356 2386 2418 2448 2480 2510 2542 2572 2604 2634 2666 2696 2728 2758 2790 2820 2852 2882 2914 2944 2976 3006 3038 3068 3100 3130 3162 3192 3224 3254 3286 3316 3348 3378 3410 3440 3472 3502 3534 3564 3596 3626 3658 3688 3720 3750 3782 3812 3844 3874 3906 3936 3968 3998 4030 4060 4092 4122 4154 4184 4216 4246 4278 4308 4340 4370 4402 4432 4464 4494 4526 4556 4588 4618 4650 4680 4712 4742 4774 4804 4836 4866 4898 4928 4960 4990 5022 5052 5084 5114 5146 5176 5208 5238 5270 5300 5332 5362 5394 5424 5456 5486 5518 5548 5580 5610 5642 5672 5704 5734 5766 5796 5828 5858 5890 5920 5952 5982 6014 6044 6076 6106 6138 6168 6200 6230 6262 6292 6324 6354 6386 6416 6448 6478 6510 6540 6572 6602 6634 6664 6696 6726 6758 6788 6820 6850 6882 6912 6944 6974 7006 7036 7068 7098 7130 7160 7192 7222 7254 7284 7316 7346 7378 7408 7440 7470 7502 7532 7564 7594 7626 7656 7688 7718 7750 7780 7812 7842 7874 7904
0 32 64 96 128 160 192 224 256 288 320 352 384 416 448 480 512 544 576 608 640 672 704 736 768 800 832 864 896 928 960 992 1024 1056 1088 1120 1152 1184 1216 1248 1280 1312 1344 1376 1408 1440 1472 1504 1536 1568 1600 1632 1664 1696 1728 1760 1792 1824 1856 1888 1920 1952 1984 2016 2048 2080 2112 2144 2176 2208 2240 2272 2304 2336 2368 2400 2432 2464 2496 2528 2560 2592 2624 2656 2688 2720 2752 2784 2816 2848 2880 2912 2944 2976 3008 3040 3072 3104 3136 3168 3200 3232 3264 3296 3328 3360 3392 3424 3456 3488 3520 3552 3584 3616 3648 3680 3712 3744 3776 3808 3840 3872 3904 3936 3968 4000 4032 4064 4096 4128 4160 4192 4224 4256 4288 4320 4352 4384 4416 4448 4480 4512 4544 4576 4608 4640 4672 4704 4736 4768 4800 4832 4864 4896 4928 4960 4992 5024 5056 5088 5120 5152 5184 5216 5248 5280 5312 5344 5376 5408 5440 5472 5504 5536 5568 5600 5632 5664 5696 5728 5760 5792 5824 5856 5888 5920 5952 5984 6016 6048 6080 6112 6144 6176 6208 6240 6272 6304 6336 6368 6400 6432 6464 6496 6528 6560 6592 6624 6656 6688 6720 6752 6784 6816 6848 6880 6912 6944 6976 7008 7040 7072 7104 7136 7168 7200 7232 7264 7296 7328 7360 7392 7424 7456 7488 7520 7552 7584 7616 7648 7680 7712 7744 7776 7808 7840 7872 7904 7936 7968 8000 8032 8064 8096 8128 8160
0 32 66 98 132 164 198 230 264 296 330 362 396 428 462 494 528 560 594 626 660 692 726 758 792 824 858 890 924 956 990 1022 1056 1088 1122 1154 1188 1220 1254 1286 1320 1352 1386 1418 1452 1484 1518 1550 1584 1616 1650 1682 1716 1748 1782 1814 1848 1880 1914 1946 1980 2012 2046 2078 2112 2144 2178 2210 2244 2276 2310 2342 2376 2408 2442 2474 2508 2540 2574 2606 2640 2672 2706 2738 2772 2804 2838 2870 2904 2936 2970 3002 3036 3068 3102 3134 3168 3200 3234 3266 3300 3332 3366 3398 3432 3464 3498 3530 3564 3596 3630 3662 3696 3728 3762 3794 3828 3860 3894 3926 3960 3992 4026 4058 4092 4124 4158 4190 4224 4256 4290 4322 4356 4388 4422 4454 4488 4520 4554 4586 4620 4652 4686 4718 4752 4784 4818 4850 4884 4916 4950 4982 5016 5048 5082 5114 5148 5180 5214 5246 5280 5312 5346 5378 5412 5444 5478 5510 5544 5576 5610 5642 5676 5708 5742 5774 5808 5840 5874 5906 5940 5972 6006 6038 6072 6104 6138 6170 6204 6236 6270 6302 6336 6368 6402 6434 6468 6500 6534 6566 6600 6632 6666 6698 6732 6764 6798 6830 6864 6896 6930 6962 6996 7028 7062 7094 7128 7160 7194 7226 7260 7292 7326 7358 7392 7424 7458 7490 7524 7556 7590 7622 7656 7688 7722 7754 7788 7820 7854 7886 7920 7952 7986 8018 8052 8084 8118 8150 8184 8216 8250 8282 8316 8348 8382 8414
