7.065979707687607
0 0 0 0 0 0 0 0 0 0 0 0 0 0 0 0 0 0 0 0 0 0 0 0 0 0 0 0 0 0 0 0 0 0 0 0 0 0 0 0 0 0 0 0 0 0 0 0 0 0 0 0 0 0 0 0 0 0 0 0 0 0 0 0 0 0 0 0 0 0 0 0 0 0 0 0 0 0 0 0 0 0 0 0 0 0 0 0 0 0 0 0 0 0 0 0 0 0 0 0 0 0 0 0 0 0 0 0 0 0 0 0 0 0 0 0 0 0 0 0 0 0 0 0 0 0 0 0 0 0 0 0 0 0 0 0 0 0 0 0 0 0 0 0 0 0 0 0 0 0 0 0 0 0 0 0 0 0 0 0 0 0 0 0 0 0 0 0 0 0 0 0 0 0 0 0 0 0 0 0 0 0 0 0 0 0 0 0 0 0 0 0 0 0 0 0 0 0 0 0 0 0 0 0 0 0 0 0 0 0 0 0 0 0 0 0 0 0 0 0 0 0 0 0 0 0 0 0 0 0 0 0 0 0 0 0 0 0 0 0 0 0 0 0 0 0 0 0 0 0 0 0 0 0 0 0
0 0 0 0 0 0 0 0 8 8 8 8 8 8 8 8 16 16 16 16 16 16 16 16 24 24 24 24 24 24 24 24 32 32 32 32 32 32 32 32 40 40 40 40 40 40 40 40 48 48 48 48 48 48 48 48 56 56 56 56 56 56 56 56 64 64 64 64 64 64 64 64 72 72 72 72 72 72 72 72 80 80 80 80 80 80 80 80 88 88 88 88 88 88 88 88 96 96 96 96 96 96 96 96 104 104 104 104 104 104 104 104 112 112 112 112 112 112 112 112 120 120 120 120 120 120 120 120 128 128 128 128 128 128 128 128 136 136 136 136 136 136 136 136 144 144 144 144 144 144 144 144 152 152 152 152 152 152 152 152 160 160 160 160 160 160 160 160 168 168 168 168 168 168 168 168 176 176 176 176 176 176 176 176 184 184 184 184 184 184 184 184 192 192 192 192 192 192 192 192 200 200 200 200 200 200 200 200 208 208 208 208 208 208 208 208 216 216 216 216 216 216 216 216 224 224 224 224 224 224 224 224 232 232 232 232 232 232 232 232 240 240 240 240 240 240 240 240 248 248 248 248 248 248 248 248
0 0 0 0 8 8 8 8 16 16 16 16 24 24 24 24 32 32 32 32 40 40 40 40 48 48 48 48 56 56 56 56 64 64 64 64 72 72 72 72 80 80 80 80 88 88 88 88 96 96 96 96 104 104 104 104 112 112 112 112 120 120 120 120 128 128 128 128 136 136 136 136 144 144 144 144 152 152 152 152 160 160 160 160 168 168 168 168 176 176 176 176 184 184 184 184 192 192 192 192 200 200 200 200 208 208 208 208 216 216 216 216 224 224 224 224 232 232 232 232 240 240 240 240 248 248 248 248 256 256 256 256 264 264 264 264 272 272 272 272 280 280 280 280 288 288 288 288 296 296 296 296 304 304 304 304 312 312 312 312 320 320 320 320 328 328 328 328 336 336 336 336 344 344 344 344 352 352 352 352 360 360 360 360 368 368 368 368 376 376 376 376 384 384 384 384 392 392 392 392 400 400 400 400 408 408 408 408 416 416 416 416 424 424 424 424 432 432 432 432 440 440 440 440 448 448 448 448 456 456 456 456 464 464 464 464 472 472 472 472 480 480 480 480 488 488 488 488 496 496 496 496 504 504 504 504
0 0 0 0 8 8 8 8 24 24 24 24 32 32 32 32 48 48 48 48 56 56 56 56 72 72 72 72 80 80 80 80 96 96 96 96 104 104 104 104 120 120 120 120 128 128 128 128 144 144 144 144 152 152 152 152 168 168 168 168 176 176 176 176 192 192 192 192 200 200 200 200 216 216 216 216 224 224 224 224 240 240 240 240 248 248 248 248 264 264 264 264 272 272 272 272 288 288 288 288 296 296 296 296 312 312 312 312 320 320 320 320 336 336 336 336 344 344 344 344 360 360 360 360 368 368 368 368 384 384 384 384 392 392 392 392 408 408 408 408 416 416 416 416 432 432 432 432 440 440 440 440 456 456 456 456 464 464 464 464 480 480 480 480 488 488 488 488 504 504 504 504 512 512 512 512 528 528 528 528 536 536 536 536 552 552 552 552 560 560 560 560 576 576 576 576 584 584 584 584 600 600 600 600 608 608 608 608 624 624 624 624 632 632 632 632 648 648 648 648 656 656 656 656 672 672 672 672 680 680 680 680 696 696 696 696 704 704 704 704 720 720 720 720 728 728 728 728 744 744 744 744 752 752 752 752
0 0 8 8 16 16 24 24 32 32 40 40 48 48 56 56 64 64 72 72 80 80 88 88 96 96 104 104 112 112 120 120 128 128 136 136 144 144 152 152 160 160 168 168 176 176 184 184 192 192 200 200 208 208 216 216 224 224 232 232 240 240 248 248 256 256 264 264 272 272 280 280 288 288 296 296 304 304 312 312 320 320 328 328 336 336 344 344 352 352 360 360 368 368 376 376 384 384 392 392 400 400 408 408 416 416 424 424 432 432 440 440 448 448 456 456 464 464 472 472 480 480 488 488 496 496 504 504 512 512 520 520 528 528 536 536 544 544 552 552 560 560 568 568 576 576 584 584 592 592 600 600 608 608 616 616 624 624 632 632 640 640 648 648 656 656 664 664 672 672 680 680 688 688 696 696 704 704 712 712 720 720 728 728 736 736 744 744 752 752 760 760 768 768 776 776 784 784 792 792 800 800 808 808 816 816 824 824 832 832 840 840 848 848 856 856 864 864 872 872 880 880 888 888 896 896 904 904 912 912 920 920 928 928 936 936 944 944 952 952 960 960 968 968 976 976 984 984 992 992 1000 1000 1008 1008 1016 1016
0 0 8 8 16 16 24 24 40 40 48 48 56 56 64 64 80 80 88 88 96 96 104 104 120 120 128 128 136 136 144 144 160 160 168 168 176 176 184 184 200 200 208 208 216 216 224 224 240 240 248 248 256 256 264 264 280 280 288 288 296 296 304 304 320 320 328 328 336 336 344 344 360 360 368 368 376 376 384 384 400 400 408 408 416 416 424 424 440 440 448 448 456 456 464 464 480 480 488 488 496 496 504 504 520 520 528 528 536 536 544 544 560 560 568 568 576 576 584 584 600 600 608 608 616 616 624 624 640 640 648 648 656 656 664 664 680 680 688 688 696 696 704 704 720 720 728 728 736 736 744 744 760 760 768 768 776 776 784 784 800 800 808 808 816 816 824 824 840 840 848 848 856 856 864 864 880 880 888 888 896 896 904 904 920 920 928 928 936 936 944 944 960 960 968 968 976 976 984 984 1000 1000 1008 1008 1016 1016 1024 1024 1040 1040 1048 1048 1056 1056 1064 1064 1080 1080 1088 1088 1096 1096 1104 1104 1120 1120 1128 1128 1136 1136 1144 1144 1160 1160 1168 1168 1176 1176 1184 1184 1200 1200 1208 1208 1216 1216 1224 1224 1240 1240 1248 1248 1256 1256 1264 1264
0 0 8 8 24 24 32 32 48 48 56 56 72 72 80 80 96 96 104 104 120 120 128 128 144 144 152 152 168 168 176 176 192 192 200 200 216 216 224 224 240 240 248 248 264 264 272 272 288 288 296 296 312 312 320 320 336 336 344 344 360 360 368 368 384 384 392 392 408 408 416 416 432 432 440 440 456 456 464 464 480 480 488 488 504 504 512 512 528 528 536 536 552 552 560 560 576 576 584 584 600 600 608 608 624 624 632 632 648 648 656 656 672 672 680 680 696 696 704 704 720 720 728 728 744 744 752 752 768 768 776 776 792 792 800 800 816 816 824 824 840 840 848 848 864 864 872 872 888 888 896 896 912 912 920 920 936 936 944 944 960 960 968 968 984 984 992 992 1008 1008 1016 1016 1032 1032 1040 1040 1056 1056 1064 1064 1080 1080 1088 1088 1104 1104 1112 1112 1128 1128 1136 1136 1152 1152 1160 1160 1176 1176 1184 1184 1200 1200 1208 1208 1224 1224 1232 1232 1248 1248 1256 1256 1272 1272 1280 1280 1296 1296 1304 1304 1320 1320 1328 1328 1344 1344 1352 1352 1368 1368 1376 1376 1392 1392 1400 1400 1416 1416 1424 1424 1440 1440 1448 1448 1464 1464 1472 1472 1488 1488 1496 1496 1512 1512 1520 1520
0 0 8 8 24 24 32 32 56 56 64 64 80 80 88 88 112 112 120 120 136 136 144 144 168 168 176 176 192 192 200 200 224 224 232 232 248 248 256 256 280 280 288 288 304 304 312 312 336 336 344 344 360 360 368 368 392 392 400 400 416 416 424 424 448 448 456 456 472 472 480 480 504 504 512 512 528 528 536 536 560 560 568 568 584 584 592 592 616 616 624 624 640 640 648 648 672 672 680 680 696 696 704 704 728 728 736 736 752 752 760 760 784 784 792 792 808 808 816 816 840 840 848 848 864 864 872 872 896 896 904 904 920 920 928 928 952 952 960 960 976 976 984 984 1008 1008 1016 1016 1032 1032 1040 1040 1064 1064 1072 1072 1088 1088 1096 1096 1120 1120 1128 1128 1144 1144 1152 1152 1176 1176 1184 1184 1200 1200 1208 1208 1232 1232 1240 1240 1256 1256 1264 1264 1288 1288 1296 1296 1312 1312 1320 1320 1344 1344 1352 1352 1368 1368 1376 1376 1400 1400 1408 1408 1424 1424 1432 1432 1456 1456 1464 1464 1480 1480 1488 1488 1512 1512 1520 1520 1536 1536 1544 1544 1568 1568 1576 1576 1592 1592 1600 1600 1624 1624 1632 1632 1648 1648 1656 1656 1680 1680 1688 1688 1704 1704 1712 1712 1736 1736 1744 1744 1760 1760 1768 1768
0 8 16 24 32 40 48 56 64 72 80 88 96 104 112 120 128 136 144 152 160 168 176 184 192 200 208 216 224 232 240 248 256 264 272 280 288 296 304 312 320 328 336 344 352 360 368 376 384 392 400 408 416 424 432 440 448 456 464 472 480 488 496 504 512 520 528 536 544 552 560 568 576 584 592 600 608 616 624 632 640 648 656 664 672 680 688 696 704 712 720 728 736 744 752 760 768 776 784 792 800 808 816 824 832 840 848 856 864 872 880 888 896 904 912 920 928 936 944 952 960 968 976 984 992 1000 1008 1016 1024 1032 1040 1048 1056 1064 1072 1080 1088 1096 1104 1112 1120 1128 1136 1144 1152 1160 1168 1176 1184 1192 1200 1208 1216 1224 1232 1240 1248 1256 1264 1272 1280 1288 1296 1304 1312 1320 1328 1336 1344 1352 1360 1368 1376 1384 1392 1400 1408 1416 1424 1432 1440 1448 1456 1464 1472 1480 1488 1496 1504 1512 1520 1528 1536 1544 1552 1560 1568 1576 1584 1592 1600 1608 1616 1624 1632 1640 1648 1656 1664 1672 1680 1688 1696 1704 1712 1720 1728 1736 1744 1752 1760 1768 1776 1784 1792 1800 1808 1816 1824 1832 1840 1848 1856 1864 1872 1880 1888 1896 1904 1912 1920 1928 1936 1944 1952 1960 1968 1976 1984 1992 2000 2008 2016 2024 2032 2040
0 8 16 24 32 40 48 56 72 80 88 96 104 112 120 128 144 152 160 168 176 184 192 200 216 224 232 240 248 256 264 272 288 296 304 312 320 328 336 344 360 368 376 384 392 400 408 416 432 440 448 456 464 472 480 488 504 512 520 528 536 544 552 560 576 584 592 600 608 616 624 632 648 656 664 672 680 688 696 704 720 728 736 744 752 760 768 776 792 800 808 816 824 832 840 848 864 872 880 888 896 904 912 920 936 944 952 960 968 976 984 992 1008 1016 1024 1032 1040 1048 1056 1064 1080 1088 1096 1104 1112 1120 1128 1136 1152 1160 1168 1176 1184 1192 1200 1208 1224 1232 1240 1248 1256 1264 1272 1280 1296 1304 1312 1320 1328 1336 1344 1352 1368 1376 1384 1392 1400 1408 1416 1424 1440 1448 1456 1464 1472 1480 1488 1496 1512 1520 1528 1536 1544 1552 1560 1568 1584 1592 1600 1608 1616 1624 1632 1640 1656 1664 1672 1680 1688 1696 1704 1712 1728 1736 1744 1752 1760 1768 1776 1784 1800 1808 1816 1824 1832 1840 1848 1856 1872 1880 1888 1896 1904 1912 1920 1928 1944 1952 1960 1968 1976 1984 1992 2000 2016 2024 2032 2040 2048 2056 2064 2072 2088 2096 2104 2112 2120 2128 2136 2144 2160 2168 2176 2184 2192 2200 2208 2216 2232 2240 2248 2256 2264 2272 2280 2288
0 8 16 24 40 48 56 64 80 88 96 104 120 128 136 144 160 168 176 184 200 208 216 224 240 248 256 264 280 288 296 304 320 328 336 344 360 368 376 384 400 408 416 424 440 448 456 464 480 488 496 504 520 528 536 544 560 568 576 584 600 608 616 624 640 648 656 664 680 688 696 704 720 728 736 744 760 768 776 784 800 808 816 824 840 848 856 864 880 888 896 904 920 928 936 944 960 968 976 984 1000 1008 1016 1024 1040 1048 1056 1064 1080 1088 1096 1104 1120 1128 1136 1144 1160 1168 1176 1184 1200 1208 1216 1224 1240 1248 1256 1264 1280 1288 1296 1304 1320 1328 1336 1344 1360 1368 1376 1384 1400 1408 1416 1424 1440 1448 1456 1464 1480 1488 1496 1504 1520 1528 1536 1544 1560 1568 1576 1584 1600 1608 1616 1624 1640 1648 1656 1664 1680 1688 1696 1704 1720 1728 1736 1744 1760 1768 1776 1784 1800 1808 1816 1824 1840 1848 1856 1864 1880 1888 1896 1904 1920 1928 1936 1944 1960 1968 1976 1984 2000 2008 2016 2024 2040 2048 2056 2064 2080 2088 2096 2104 2120 2128 2136 2144 2160 2168 2176 2184 2200 2208 2216 2224 2240 2248 2256 2264 2280 2288 2296 2304 2320 2328 2336 2344 2360 2368 2376 2384 2400 2408 2416 2424 2440 2448 2456 2464 2480 2488 2496 2504 2520 2528 2536 2544
0 8 16 24 40 48 56 64 88 96 104 112 128 136 144 152 176 184 192 200 216 224 232 240 264 272 280 288 304 312 320 328 352 360 368 376 392 400 408 416 440 448 456 464 480 488 496 504 528 536 544 552 568 576 584 592 616 624 632 640 656 664 672 680 704 712 720 728 744 752 760 768 792 800 808 816 832 840 848 856 880 888 896 904 920 928 936 944 968 976 984 992 1008 1016 1024 1032 1056 1064 1072 1080 1096 1104 1112 1120 1144 1152 1160 1168 1184 1192 1200 1208 1232 1240 1248 1256 1272 1280 1288 1296 1320 1328 1336 1344 1360 1368 1376 1384 1408 1416 1424 1432 1448 1456 1464 1472 1496 1504 1512 1520 1536 1544 1552 1560 1584 1592 1600 1608 1624 1632 1640 1648 1672 1680 1688 1696 1712 1720 1728 1736 1760 1768 1776 1784 1800 1808 1816 1824 1848 1856 1864 1872 1888 1896 1904 1912 1936 1944 1952 1960 1976 1984 1992 2000 2024 2032 2040 2048 2064 2072 2080 2088 2112 2120 2128 2136 2152 2160 2168 2176 2200 2208 2216 2224 2240 2248 2256 2264 2288 2296 2304 2312 2328 2336 2344 2352 2376 2384 2392 2400 2416 2424 2432 2440 2464 2472 2480 2488 2504 2512 2520 2528 2552 2560 2568 2576 2592 2600 2608 2616 2640 2648 2656 2664 2680 2688 2696 2704 2728 2736 2744 2752 2768 2776 2784 2792
0 8 24 32 48 56 72 80 96 104 120 128 144 152 168 176 192 200 216 224 240 248 264 272 288 296 312 320 336 344 360 368 384 392 408 416 432 440 456 464 480 488 504 512 528 536 552 560 576 584 600 608 624 632 648 656 672 680 696 704 720 728 744 752 768 776 792 800 816 824 840 848 864 872 888 896 912 920 936 944 960 968 984 992 1008 1016 1032 1040 1056 1064 1080 1088 1104 1112 1128 1136 1152 1160 1176 1184 1200 1208 1224 1232 1248 1256 1272 1280 1296 1304 1320 1328 1344 1352 1368 1376 1392 1400 1416 1424 1440 1448 1464 1472 1488 1496 1512 1520 1536 1544 1560 1568 1584 1592 1608 1616 1632 1640 1656 1664 1680 1688 1704 1712 1728 1736 1752 1760 1776 1784 1800 1808 1824 1832 1848 1856 1872 1880 1896 1904 1920 1928 1944 1952 1968 1976 1992 2000 2016 2024 2040 2048 2064 2072 2088 2096 2112 2120 2136 2144 2160 2168 2184 2192 2208 2216 2232 2240 2256 2264 2280 2288 2304 2312 2328 2336 2352 2360 2376 2384 2400 2408 2424 2432 2448 2456 2472 2480 2496 2504 2520 2528 2544 2552 2568 2576 2592 2600 2616 2624 2640 2648 2664 2672 2688 2696 2712 2720 2736 2744 2760 2768 2784 2792 2808 2816 2832 2840 2856 2864 2880 2888 2904 2912 2928 2936 2952 2960 2976 2984 3000 3008 3024 3032 3048 3056
0 8 24 32 48 56 72 80 104 112 128 136 152 160 176 184 208 216 232 240 256 264 280 288 312 320 336 344 360 368 384 392 416 424 440 448 464 472 488 496 520 528 544 552 568 576 592 600 624 632 648 656 672 680 696 704 728 736 752 760 776 784 800 808 832 840 856 864 880 888 904 912 936 944 960 968 984 992 1008 1016 1040 1048 1064 1072 1088 1096 1112 1120 1144 1152 1168 1176 1192 1200 1216 1224 1248 1256 1272 1280 1296 1304 1320 1328 1352 1360 1376 1384 1400 1408 1424 1432 1456 1464 1480 1488 1504 1512 1528 1536 1560 1568 1584 1592 1608 1616 1632 1640 1664 1672 1688 1696 1712 1720 1736 1744 1768 1776 1792 1800 1816 1824 1840 1848 1872 1880 1896 1904 1920 1928 1944 1952 1976 1984 2000 2008 2024 2032 2048 2056 2080 2088 2104 2112 2128 2136 2152 2160 2184 2192 2208 2216 2232 2240 2256 2264 2288 2296 2312 2320 2336 2344 2360 2368 2392 2400 2416 2424 2440 2448 2464 2472 2496 2504 2520 2528 2544 2552 2568 2576 2600 2608 2624 2632 2648 2656 2672 2680 2704 2712 2728 2736 2752 2760 2776 2784 2808 2816 2832 2840 2856 2864 2880 2888 2912 2920 2936 2944 2960 2968 2984 2992 3016 3024 3040 3048 3064 3072 3088 3096 3120 3128 3144 3152 3168 3176 3192 3200 3224 3232 3248 3256 3272 3280 3296 3304
0 8 24 32 56 64 80 88 112 120 136 144 168 176 192 200 224 232 248 256 280 288 304 312 336 344 360 368 392 400 416 424 448 456 472 480 504 512 528 536 560 568 584 592 616 624 640 648 672 680 696 704 728 736 752 760 784 792 808 816 840 848 864 872 896 904 920 928 952 960 976 984 1008 1016 1032 1040 1064 1072 1088 1096 1120 1128 1144 1152 1176 1184 1200 1208 1232 1240 1256 1264 1288 1296 1312 1320 1344 1352 1368 1376 1400 1408 1424 1432 1456 1464 1480 1488 1512 1520 1536 1544 1568 1576 1592 1600 1624 1632 1648 1656 1680 1688 1704 1712 1736 1744 1760 1768 1792 1800 1816 1824 1848 1856 1872 1880 1904 1912 1928 1936 1960 1968 1984 1992 2016 2024 2040 2048 2072 2080 2096 2104 2128 2136 2152 2160 2184 2192 2208 2216 2240 2248 2264 2272 2296 2304 2320 2328 2352 2360 2376 2384 2408 2416 2432 2440 2464 2472 2488 2496 2520 2528 2544 2552 2576 2584 2600 2608 2632 2640 2656 2664 2688 2696 2712 2720 2744 2752 2768 2776 2800 2808 2824 2832 2856 2864 2880 2888 2912 2920 2936 2944 2968 2976 2992 3000 3024 3032 3048 3056 3080 3088 3104 3112 3136 3144 3160 3168 3192 3200 3216 3224 3248 3256 3272 3280 3304 3312 3328 3336 3360 3368 3384 3392 3416 3424 3440 3448 3472 3480 3496 3504 3528 3536 3552 3560
0 8 24 32 56 64 80 88 120 128 144 152 176 184 200 208 240 248 264 272 296 304 320 328 360 368 384 392 416 424 440 448 480 488 504 512 536 544 560 568 600 608 624 632 656 664 680 688 720 728 744 752 776 784 800 808 840 848 864 872 896 904 920 928 960 968 984 992 1016 1024 1040 1048 1080 1088 1104 1112 1136 1144 1160 1168 1200 1208 1224 1232 1256 1264 1280 1288 1320 1328 1344 1352 1376 1384 1400 1408 1440 1448 1464 1472 1496 1504 1520 1528 1560 1568 1584 1592 1616 1624 1640 1648 1680 1688 1704 1712 1736 1744 1760 1768 1800 1808 1824 1832 1856 1864 1880 1888 1920 1928 1944 1952 1976 1984 2000 2008 2040 2048 2064 2072 2096 2104 2120 2128 2160 2168 2184 2192 2216 2224 2240 2248 2280 2288 2304 2312 2336 2344 2360 2368 2400 2408 2424 2432 2456 2464 2480 2488 2520 2528 2544 2552 2576 2584 2600 2608 2640 2648 2664 2672 2696 2704 2720 2728 2760 2768 2784 2792 2816 2824 2840 2848 2880 2888 2904 2912 2936 2944 2960 2968 3000 3008 3024 3032 3056 3064 3080 3088 3120 3128 3144 3152 3176 3184 3200 3208 3240 3248 3264 3272 3296 3304 3320 3328 3360 3368 3384 3392 3416 3424 3440 3448 3480 3488 3504 3512 3536 3544 3560 3568 3600 3608 3624 3632 3656 3664 3680 3688 3720 3728 3744 3752 3776 3784 3800 3808
0 16 32 48 64 80 96 112 128 144 160 176 192 208 224 240 256 272 288 304 320 336 352 368 384 400 416 432 448 464 480 496 512 528 544 560 576 592 608 624 640 656 672 688 704 720 736 752 768 784 800 816 832 848 864 880 896 912 928 944 960 976 992 1008 1024 1040 1056 1072 1088 1104 1120 1136 1152 1168 1184 1200 1216 1232 1248 1264 1280 1296 1312 1328 1344 1360 1376 1392 1408 1424 1440 1456 1472 1488 1504 1520 1536 1552 1568 1584 1600 1616 1632 1648 1664 1680 1696 1712 1728 1744 1760 1776 1792 1808 1824 1840 1856 1872 1888 1904 1920 1936 1952 1968 1984 2000 2016 2032 2048 2064 2080 2096 2112 2128 2144 2160 2176 2192 2208 2224 2240 2256 2272 2288 2304 2320 2336 2352 2368 2384 2400 2416 2432 2448 2464 2480 2496 2512 2528 2544 2560 2576 2592 2608 2624 2640 2656 2672 2688 2704 2720 2736 2752 2768 2784 2800 2816 2832 2848 2864 2880 2896 2912 2928 2944 2960 2976 2992 3008 3024 3040 3056 3072 3088 3104 3120 3136 3152 3168 3184 3200 3216 3232 3248 3264 3280 3296 3312 3328 3344 3360 3376 3392 3408 3424 3440 3456 3472 3488 3504 3520 3536 3552 3568 3584 3600 3616 3632 3648 3664 3680 3696 3712 3728 3744 3760 3776 3792 3808 3824 3840 3856 3872 3888 3904 3920 3936 3952 3968 3984 4000 4016 4032 4048 4064 4080
0 16 32 48 64 80 96 112 136 152 168 184 200 216 232 248 272 288 304 320 336 352 368 384 408 424 440 456 472 488 504 520 544 560 576 592 608 624 640 656 680 696 712 728 744 760 776 792 816 832 848 864 880 896 912 928 952 968 984 1000 1016 1032 1048 1064 1088 1104 1120 1136 1152 1168 1184 1200 1224 1240 1256 1272 1288 1304 1320 1336 1360 1376 1392 1408 1424 1440 1456 1472 1496 1512 1528 1544 1560 1576 1592 1608 1632 1648 1664 1680 1696 1712 1728 1744 1768 1784 1800 1816 1832 1848 1864 1880 1904 1920 1936 1952 1968 1984 2000 2016 2040 2056 2072 2088 2104 2120 2136 2152 2176 2192 2208 2224 2240 2256 2272 2288 2312 2328 2344 2360 2376 2392 2408 2424 2448 2464 2480 2496 2512 2528 2544 2560 2584 2600 2616 2632 2648 2664 2680 2696 2720 2736 2752 2768 2784 2800 2816 2832 2856 2872 2888 2904 2920 2936 2952 2968 2992 3008 3024 3040 3056 3072 3088 3104 3128 3144 3160 3176 3192 3208 3224 3240 3264 3280 3296 3312 3328 3344 3360 3376 3400 3416 3432 3448 3464 3480 3496 3512 3536 3552 3568 3584 3600 3616 3632 3648 3672 3688 3704 3720 3736 3752 3768 3784 3808 3824 3840 3856 3872 3888 3904 3920 3944 3960 3976 3992 4008 4024 4040 4056 4080 4096 4112 4128 4144 4160 4176 4192 4216 4232 4248 4264 4280 4296 4312 4328
0 16 32 48 72 88 104 120 144 160 176 192 216 232 248 264 288 304 320 336 360 376 392 408 432 448 464 480 504 520 536 552 576 592 608 624 648 664 680 696 720 736 752 768 792 808 824 840 864 880 896 912 936 952 968 984 1008 1024 1040 1056 1080 1096 1112 1128 1152 1168 1184 1200 1224 1240 1256 1272 1296 1312 1328 1344 1368 1384 1400 1416 1440 1456 1472 1488 1512 1528 1544 1560 1584 1600 1616 1632 1656 1672 1688 1704 1728 1744 1760 1776 1800 1816 1832 1848 1872 1888 1904 1920 1944 1960 1976 1992 2016 2032 2048 2064 2088 2104 2120 2136 2160 2176 2192 2208 2232 2248 2264 2280 2304 2320 2336 2352 2376 2392 2408 2424 2448 2464 2480 2496 2520 2536 2552 2568 2592 2608 2624 2640 2664 2680 2696 2712 2736 2752 2768 2784 2808 2824 2840 2856 2880 2896 2912 2928 2952 2968 2984 3000 3024 3040 3056 3072 3096 3112 3128 3144 3168 3184 3200 3216 3240 3256 3272 3288 3312 3328 3344 3360 3384 3400 3416 3432 3456 3472 3488 3504 3528 3544 3560 3576 3600 3616 3632 3648 3672 3688 3704 3720 3744 3760 3776 3792 3816 3832 3848 3864 3888 3904 3920 3936 3960 3976 3992 4008 4032 4048 4064 4080 4104 4120 4136 4152 4176 4192 4208 4224 4248 4264 4280 4296 4320 4336 4352 4368 4392 4408 4424 4440 4464 4480 4496 4512 4536 4552 4568 4584
0 16 32 48 72 88 104 120 152 168 184 200 224 240 256 272 304 320 336 352 376 392 408 424 456 472 488 504 528 544 560 576 608 624 640 656 680 696 712 728 760 776 792 808 832 848 864 880 912 928 944 960 984 1000 1016 1032 1064 1080 1096 1112 1136 1152 1168 1184 1216 1232 1248 1264 1288 1304 1320 1336 1368 1384 1400 1416 1440 1456 1472 1488 1520 1536 1552 1568 1592 1608 1624 1640 1672 1688 1704 1720 1744 1760 1776 1792 1824 1840 1856 1872 1896 1912 1928 1944 1976 1992 2008 2024 2048 2064 2080 2096 2128 2144 2160 2176 2200 2216 2232 2248 2280 2296 2312 2328 2352 2368 2384 2400 2432 2448 2464 2480 2504 2520 2536 2552 2584 2600 2616 2632 2656 2672 2688 2704 2736 2752 2768 2784 2808 2824 2840 2856 2888 2904 2920 2936 2960 2976 2992 3008 3040 3056 3072 3088 3112 3128 3144 3160 3192 3208 3224 3240 3264 3280 3296 3312 3344 3360 3376 3392 3416 3432 3448 3464 3496 3512 3528 3544 3568 3584 3600 3616 3648 3664 3680 3696 3720 3736 3752 3768 3800 3816 3832 3848 3872 3888 3904 3920 3952 3968 3984 4000 4024 4040 4056 4072 4104 4120 4136 4152 4176 4192 4208 4224 4256 4272 4288 4304 4328 4344 4360 4376 4408 4424 4440 4456 4480 4496 4512 4528 4560 4576 4592 4608 4632 4648 4664 4680 4712 4728 4744 4760 4784 4800 4816 4832
0 16 40 56 80 96 120 136 160 176 200 216 240 256 280 296 320 336 360 376 400 416 440 456 480 496 520 536 560 576 600 616 640 656 680 696 720 736 760 776 800 816 840 856 880 896 920 936 960 976 1000 1016 1040 1056 1080 1096 1120 1136 1160 1176 1200 1216 1240 1256 1280 1296 1320 1336 1360 1376 1400 1416 1440 1456 1480 1496 1520 1536 1560 1576 1600 1616 1640 1656 1680 1696 1720 1736 1760 1776 1800 1816 1840 1856 1880 1896 1920 1936 1960 1976 2000 2016 2040 2056 2080 2096 2120 2136 2160 2176 2200 2216 2240 2256 2280 2296 2320 2336 2360 2376 2400 2416 2440 2456 2480 2496 2520 2536 2560 2576 2600 2616 2640 2656 2680 2696 2720 2736 2760 2776 2800 2816 2840 2856 2880 2896 2920 2936 2960 2976 3000 3016 3040 3056 3080 3096 3120 3136 3160 3176 3200 3216 3240 3256 3280 3296 3320 3336 3360 3376 3400 3416 3440 3456 3480 3496 3520 3536 3560 3576 3600 3616 3640 3656 3680 3696 3720 3736 3760 3776 3800 3816 3840 3856 3880 3896 3920 3936 3960 3976 4000 4016 4040 4056 4080 4096 4120 4136 4160 4176 4200 4216 4240 4256 4280 4296 4320 4336 4360 4376 4400 4416 4440 4456 4480 4496 4520 4536 4560 4576 4600 4616 4640 4656 4680 4696 4720 4736 4760 4776 4800 4816 4840 4856 4880 4896 4920 4936 4960 4976 5000 5016 5040 5056 5080 5096
0 16 40 56 80 96 120 136 168 184 208 224 248 264 288 304 336 352 376 392 416 432 456 472 504 520 544 560 584 600 624 640 672 688 712 728 752 768 792 808 840 856 880 896 920 936 960 976 1008 1024 1048 1064 1088 1104 1128 1144 1176 1192 1216 1232 1256 1272 1296 1312 1344 1360 1384 1400 1424 1440 1464 1480 1512 1528 1552 1568 1592 1608 1632 1648 1680 1696 1720 1736 1760 1776 1800 1816 1848 1864 1888 1904 1928 1944 1968 1984 2016 2032 2056 2072 2096 2112 2136 2152 2184 2200 2224 2240 2264 2280 2304 2320 2352 2368 2392 2408 2432 2448 2472 2488 2520 2536 2560 2576 2600 2616 2640 2656 2688 2704 2728 2744 2768 2784 2808 2824 2856 2872 2896 2912 2936 2952 2976 2992 3024 3040 3064 3080 3104 3120 3144 3160 3192 3208 3232 3248 3272 3288 3312 3328 3360 3376 3400 3416 3440 3456 3480 3496 3528 3544 3568 3584 3608 3624 3648 3664 3696 3712 3736 3752 3776 3792 3816 3832 3864 3880 3904 3920 3944 3960 3984 4000 4032 4048 4072 4088 4112 4128 4152 4168 4200 4216 4240 4256 4280 4296 4320 4336 4368 4384 4408 4424 4448 4464 4488 4504 4536 4552 4576 4592 4616 4632 4656 4672 4704 4720 4744 4760 4784 4800 4824 4840 4872 4888 4912 4928 4952 4968 4992 5008 5040 5056 5080 5096 5120 5136 5160 5176 5208 5224 5248 5264 5288 5304 5328 5344
0 16 40 56 88 104 128 144 176 192 216 232 264 280 304 320 352 368 392 408 440 456 480 496 528 544 568 584 616 632 656 672 704 720 744 760 792 808 832 848 880 896 920 936 968 984 1008 1024 1056 1072 1096 1112 1144 1160 1184 1200 1232 1248 1272 1288 1320 1336 1360 1376 1408 1424 1448 1464 1496 1512 1536 1552 1584 1600 1624 1640 1672 1688 1712 1728 1760 1776 1800 1816 1848 1864 1888 1904 1936 1952 1976 1992 2024 2040 2064 2080 2112 2128 2152 2168 2200 2216 2240 2256 2288 2304 2328 2344 2376 2392 2416 2432 2464 2480 2504 2520 2552 2568 2592 2608 2640 2656 2680 2696 2728 2744 2768 2784 2816 2832 2856 2872 2904 2920 2944 2960 2992 3008 3032 3048 3080 3096 3120 3136 3168 3184 3208 3224 3256 3272 3296 3312 3344 3360 3384 3400 3432 3448 3472 3488 3520 3536 3560 3576 3608 3624 3648 3664 3696 3712 3736 3752 3784 3800 3824 3840 3872 3888 3912 3928 3960 3976 4000 4016 4048 4064 4088 4104 4136 4152 4176 4192 4224 4240 4264 4280 4312 4328 4352 4368 4400 4416 4440 4456 4488 4504 4528 4544 4576 4592 4616 4632 4664 4680 4704 4720 4752 4768 4792 4808 4840 4856 4880 4896 4928 4944 4968 4984 5016 5032 5056 5072 5104 5120 5144 5160 5192 5208 5232 5248 5280 5296 5320 5336 5368 5384 5408 5424 5456 5472 5496 5512 5544 5560 5584 5600
0 16 40 56 88 104 128 144 184 200 224 240 272 288 312 328 368 384 408 424 456 472 496 512 552 568 592 608 640 656 680 696 736 752 776 792 824 840 864 880 920 936 960 976 1008 1024 1048 1064 1104 1120 1144 1160 1192 1208 1232 1248 1288 1304 1328 1344 1376 1392 1416 1432 1472 1488 1512 1528 1560 1576 1600 1616 1656 1672 1696 1712 1744 1760 1784 1800 1840 1856 1880 1896 1928 1944 1968 1984 2024 2040 2064 2080 2112 2128 2152 2168 2208 2224 2248 2264 2296 2312 2336 2352 2392 2408 2432 2448 2480 2496 2520 2536 2576 2592 2616 2632 2664 2680 2704 2720 2760 2776 2800 2816 2848 2864 2888 2904 2944 2960 2984 3000 3032 3048 3072 3088 3128 3144 3168 3184 3216 3232 3256 3272 3312 3328 3352 3368 3400 3416 3440 3456 3496 3512 3536 3552 3584 3600 3624 3640 3680 3696 3720 3736 3768 3784 3808 3824 3864 3880 3904 3920 3952 3968 3992 4008 4048 4064 4088 4104 4136 4152 4176 4192 4232 4248 4272 4288 4320 4336 4360 4376 4416 4432 4456 4472 4504 4520 4544 4560 4600 4616 4640 4656 4688 4704 4728 4744 4784 4800 4824 4840 4872 4888 4912 4928 4968 4984 5008 5024 5056 5072 5096 5112 5152 5168 5192 5208 5240 5256 5280 5296 5336 5352 5376 5392 5424 5440 5464 5480 5520 5536 5560 5576 5608 5624 5648 5664 5704 5720 5744 5760 5792 5808 5832 5848
0 24 48 72 96 120 144 168 192 216 240 264 288 312 336 360 384 408 432 456 480 504 528 552 576 600 624 648 672 696 720 744 768 792 816 840 864 888 912 936 960 984 1008 1032 1056 1080 1104 1128 1152 1176 1200 1224 1248 1272 1296 1320 1344 1368 1392 1416 1440 1464 1488 1512 1536 1560 1584 1608 1632 1656 1680 1704 1728 1752 1776 1800 1824 1848 1872 1896 1920 1944 1968 1992 2016 2040 2064 2088 2112 2136 2160 2184 2208 2232 2256 2280 2304 2328 2352 2376 2400 2424 2448 2472 2496 2520 2544 2568 2592 2616 2640 2664 2688 2712 2736 2760 2784 2808 2832 2856 2880 2904 2928 2952 2976 3000 3024 3048 3072 3096 3120 3144 3168 3192 3216 3240 3264 3288 3312 3336 3360 3384 3408 3432 3456 3480 3504 3528 3552 3576 3600 3624 3648 3672 3696 3720 3744 3768 3792 3816 3840 3864 3888 3912 3936 3960 3984 4008 4032 4056 4080 4104 4128 4152 4176 4200 4224 4248 4272 4296 4320 4344 4368 4392 4416 4440 4464 4488 4512 4536 4560 4584 4608 4632 4656 4680 4704 4728 4752 4776 4800 4824 4848 4872 4896 4920 4944 4968 4992 5016 5040 5064 5088 5112 5136 5160 5184 5208 5232 5256 5280 5304 5328 5352 5376 5400 5424 5448 5472 5496 5520 5544 5568 5592 5616 5640 5664 5688 5712 5736 5760 5784 5808 5832 5856 5880 5904 5928 5952 5976 6000 6024 6048 6072 6096 6120
0 24 48 72 96 120 144 168 200 224 248 272 296 320 344 368 400 424 448 472 496 520 544 568 600 624 648 672 696 720 744 768 800 824 848 872 896 920 944 968 1000 1024 1048 1072 1096 1120 1144 1168 1200 1224 1248 1272 1296 1320 1344 1368 1400 1424 1448 1472 1496 1520 1544 1568 1600 1624 1648 1672 1696 1720 1744 1768 1800 1824 1848 1872 1896 1920 1944 1968 2000 2024 2048 2072 2096 2120 2144 2168 2200 2224 2248 2272 2296 2320 2344 2368 2400 2424 2448 2472 2496 2520 2544 2568 2600 2624 2648 2672 2696 2720 2744 2768 2800 2824 2848 2872 2896 2920 2944 2968 3000 3024 3048 3072 3096 3120 3144 3168 3200 3224 3248 3272 3296 3320 3344 3368 3400 3424 3448 3472 3496 3520 3544 3568 3600 3624 3648 3672 3696 3720 3744 3768 3800 3824 3848 3872 3896 3920 3944 3968 4000 4024 4048 4072 4096 4120 4144 4168 4200 4224 4248 4272 4296 4320 4344 4368 4400 4424 4448 4472 4496 4520 4544 4568 4600 4624 4648 4672 4696 4720 4744 4768 4800 4824 4848 4872 4896 4920 4944 4968 5000 5024 5048 5072 5096 5120 5144 5168 5200 5224 5248 5272 5296 5320 5344 5368 5400 5424 5448 5472 5496 5520 5544 5568 5600 5624 5648 5672 5696 5720 5744 5768 5800 5824 5848 5872 5896 5920 5944 5968 6000 6024 6048 6072 6096 6120 6144 6168 6200 6224 6248 6272 6296 6320 6344 6368
0 24 48 72 104 128 152 176 208 232 256 280 312 336 360 384 416 440 464 488 520 544 568 592 624 648 672 696 728 752 776 800 832 856 880 904 936 960 984 1008 1040 1064 1088 1112 1144 1168 1192 1216 1248 1272 1296 1320 1352 1376 1400 1424 1456 1480 1504 1528 1560 1584 1608 1632 1664 1688 1712 1736 1768 1792 1816 1840 1872 1896 1920 1944 1976 2000 2024 2048 2080 2104 2128 2152 2184 2208 2232 2256 2288 2312 2336 2360 2392 2416 2440 2464 2496 2520 2544 2568 2600 2624 2648 2672 2704 2728 2752 2776 2808 2832 2856 2880 2912 2936 2960 2984 3016 3040 3064 3088 3120 3144 3168 3192 3224 3248 3272 3296 3328 3352 3376 3400 3432 3456 3480 3504 3536 3560 3584 3608 3640 3664 3688 3712 3744 3768 3792 3816 3848 3872 3896 3920 3952 3976 4000 4024 4056 4080 4104 4128 4160 4184 4208 4232 4264 4288 4312 4336 4368 4392 4416 4440 4472 4496 4520 4544 4576 4600 4624 4648 4680 4704 4728 4752 4784 4808 4832 4856 4888 4912 4936 4960 4992 5016 5040 5064 5096 5120 5144 5168 5200 5224 5248 5272 5304 5328 5352 5376 5408 5432 5456 5480 5512 5536 5560 5584 5616 5640 5664 5688 5720 5744 5768 5792 5824 5848 5872 5896 5928 5952 5976 6000 6032 6056 6080 6104 6136 6160 6184 6208 6240 6264 6288 6312 6344 6368 6392 6416 6448 6472 6496 6520 6552 6576 6600 6624
0 24 48 72 104 128 152 176 216 240 264 288 320 344 368 392 432 456 480 504 536 560 584 608 648 672 696 720 752 776 800 824 864 888 912 936 968 992 1016 1040 1080 1104 1128 1152 1184 1208 1232 1256 1296 1320 1344 1368 1400 1424 1448 1472 1512 1536 1560 1584 1616 1640 1664 1688 1728 1752 1776 1800 1832 1856 1880 1904 1944 1968 1992 2016 2048 2072 2096 2120 2160 2184 2208 2232 2264 2288 2312 2336 2376 2400 2424 2448 2480 2504 2528 2552 2592 2616 2640 2664 2696 2720 2744 2768 2808 2832 2856 2880 2912 2936 2960 2984 3024 3048 3072 3096 3128 3152 3176 3200 3240 3264 3288 3312 3344 3368 3392 3416 3456 3480 3504 3528 3560 3584 3608 3632 3672 3696 3720 3744 3776 3800 3824 3848 3888 3912 3936 3960 3992 4016 4040 4064 4104 4128 4152 4176 4208 4232 4256 4280 4320 4344 4368 4392 4424 4448 4472 4496 4536 4560 4584 4608 4640 4664 4688 4712 4752 4776 4800 4824 4856 4880 4904 4928 4968 4992 5016 5040 5072 5096 5120 5144 5184 5208 5232 5256 5288 5312 5336 5360 5400 5424 5448 5472 5504 5528 5552 5576 5616 5640 5664 5688 5720 5744 5768 5792 5832 5856 5880 5904 5936 5960 5984 6008 6048 6072 6096 6120 6152 6176 6200 6224 6264 6288 6312 6336 6368 6392 6416 6440 6480 6504 6528 6552 6584 6608 6632 6656 6696 6720 6744 6768 6800 6824 6848 6872
0 24 56 80 112 136 168 192 224 248 280 304 336 360 392 416 448 472 504 528 560 584 616 640 672 696 728 752 784 808 840 864 896 920 952 976 1008 1032 1064 1088 1120 1144 1176 1200 1232 1256 1288 1312 1344 1368 1400 1424 1456 1480 1512 1536 1568 1592 1624 1648 1680 1704 1736 1760 1792 1816 1848 1872 1904 1928 1960 1984 2016 2040 2072 2096 2128 2152 2184 2208 2240 2264 2296 2320 2352 2376 2408 2432 2464 2488 2520 2544 2576 2600 2632 2656 2688 2712 2744 2768 2800 2824 2856 2880 2912 2936 2968 2992 3024 3048 3080 3104 3136 3160 3192 3216 3248 3272 3304 3328 3360 3384 3416 3440 3472 3496 3528 3552 3584 3608 3640 3664 3696 3720 3752 3776 3808 3832 3864 3888 3920 3944 3976 4000 4032 4056 4088 4112 4144 4168 4200 4224 4256 4280 4312 4336 4368 4392 4424 4448 4480 4504 4536 4560 4592 4616 4648 4672 4704 4728 4760 4784 4816 4840 4872 4896 4928 4952 4984 5008 5040 5064 5096 5120 5152 5176 5208 5232 5264 5288 5320 5344 5376 5400 5432 5456 5488 5512 5544 5568 5600 5624 5656 5680 5712 5736 5768 5792 5824 5848 5880 5904 5936 5960 5992 6016 6048 6072 6104 6128 6160 6184 6216 6240 6272 6296 6328 6352 6384 6408 6440 6464 6496 6520 6552 6576 6608 6632 6664 6688 6720 6744 6776 6800 6832 6856 6888 6912 6944 6968 7000 7024 7056 7080 7112 7136
0 24 56 80 112 136 168 192 232 256 288 312 344 368 400 424 464 488 520 544 576 600 632 656 696 720 752 776 808 832 864 888 928 952 984 1008 1040 1064 1096 1120 1160 1184 1216 1240 1272 1296 1328 1352 1392 1416 1448 1472 1504 1528 1560 1584 1624 1648 1680 1704 1736 1760 1792 1816 1856 1880 1912 1936 1968 1992 2024 2048 2088 2112 2144 2168 2200 2224 2256 2280 2320 2344 2376 2400 2432 2456 2488 2512 2552 2576 2608 2632 2664 2688 2720 2744 2784 2808 2840 2864 2896 2920 2952 2976 3016 3040 3072 3096 3128 3152 3184 3208 3248 3272 3304 3328 3360 3384 3416 3440 3480 3504 3536 3560 3592 3616 3648 3672 3712 3736 3768 3792 3824 3848 3880 3904 3944 3968 4000 4024 4056 4080 4112 4136 4176 4200 4232 4256 4288 4312 4344 4368 4408 4432 4464 4488 4520 4544 4576 4600 4640 4664 4696 4720 4752 4776 4808 4832 4872 4896 4928 4952 4984 5008 5040 5064 5104 5128 5160 5184 5216 5240 5272 5296 5336 5360 5392 5416 5448 5472 5504 5528 5568 5592 5624 5648 5680 5704 5736 5760 5800 5824 5856 5880 5912 5936 5968 5992 6032 6056 6088 6112 6144 6168 6200 6224 6264 6288 6320 6344 6376 6400 6432 6456 6496 6520 6552 6576 6608 6632 6664 6688 6728 6752 6784 6808 6840 6864 6896 6920 6960 6984 7016 7040 7072 7096 7128 7152 7192 7216 7248 7272 7304 7328 7360 7384
0 24 56 80 120 144 176 200 240 264 296 320 360 384 416 440 480 504 536 560 600 624 656 680 720 744 776 800 840 864 896 920 960 984 1016 1040 1080 1104 1136 1160 1200 1224 1256 1280 1320 1344 1376 1400 1440 1464 1496 1520 1560 1584 1616 1640 1680 1704 1736 1760 1800 1824 1856 1880 1920 1944 1976 2000 2040 2064 2096 2120 2160 2184 2216 2240 2280 2304 2336 2360 2400 2424 2456 2480 2520 2544 2576 2600 2640 2664 2696 2720 2760 2784 2816 2840 2880 2904 2936 2960 3000 3024 3056 3080 3120 3144 3176 3200 3240 3264 3296 3320 3360 3384 3416 3440 3480 3504 3536 3560 3600 3624 3656 3680 3720 3744 3776 3800 3840 3864 3896 3920 3960 3984 4016 4040 4080 4104 4136 4160 4200 4224 4256 4280 4320 4344 4376 4400 4440 4464 4496 4520 4560 4584 4616 4640 4680 4704 4736 4760 4800 4824 4856 4880 4920 4944 4976 5000 5040 5064 5096 5120 5160 5184 5216 5240 5280 5304 5336 5360 5400 5424 5456 5480 5520 5544 5576 5600 5640 5664 5696 5720 5760 5784 5816 5840 5880 5904 5936 5960 6000 6024 6056 6080 6120 6144 6176 6200 6240 6264 6296 6320 6360 6384 6416 6440 6480 6504 6536 6560 6600 6624 6656 6680 6720 6744 6776 6800 6840 6864 6896 6920 6960 6984 7016 7040 7080 7104 7136 7160 7200 7224 7256 7280 7320 7344 7376 7400 7440 7464 7496 7520 7560 7584 7616 7640
0 24 56 80 120 144 176 200 248 272 304 328 368 392 424 448 496 520 552 576 616 640 672 696 744 768 800 824 864 888 920 944 992 1016 1048 1072 1112 1136 1168 1192 1240 1264 1296 1320 1360 1384 1416 1440 1488 1512 1544 1568 1608 1632 1664 1688 1736 1760 1792 1816 1856 1880 1912 1936 1984 2008 2040 2064 2104 2128 2160 2184 2232 2256 2288 2312 2352 2376 2408 2432 2480 2504 2536 2560 2600 2624 2656 2680 2728 2752 2784 2808 2848 2872 2904 2928 2976 3000 3032 3056 3096 3120 3152 3176 3224 3248 3280 3304 3344 3368 3400 3424 3472 3496 3528 3552 3592 3616 3648 3672 3720 3744 3776 3800 3840 3864 3896 3920 3968 3992 4024 4048 4088 4112 4144 4168 4216 4240 4272 4296 4336 4360 4392 4416 4464 4488 4520 4544 4584 4608 4640 4664 4712 4736 4768 4792 4832 4856 4888 4912 4960 4984 5016 5040 5080 5104 5136 5160 5208 5232 5264 5288 5328 5352 5384 5408 5456 5480 5512 5536 5576 5600 5632 5656 5704 5728 5760 5784 5824 5848 5880 5904 5952 5976 6008 6032 6072 6096 6128 6152 6200 6224 6256 6280 6320 6344 6376 6400 6448 6472 6504 6528 6568 6592 6624 6648 6696 6720 6752 6776 6816 6840 6872 6896 6944 6968 7000 7024 7064 7088 7120 7144 7192 7216 7248 7272 7312 7336 7368 7392 7440 7464 7496 7520 7560 7584 7616 7640 7688 7712 7744 7768 7808 7832 7864 7888
0 32 64 96 128 160 192 224 256 288 320 352 384 416 448 480 512 544 576 608 640 672 704 736 768 800 832 864 896 928 960 992 1024 1056 1088 1120 1152 1184 1216 1248 1280 1312 1344 1376 1408 1440 1472 1504 1536 1568 1600 1632 1664 1696 1728 1760 1792 1824 1856 1888 1920 1952 1984 2016 2048 2080 2112 2144 2176 2208 2240 2272 2304 2336 2368 2400 2432 2464 2496 2528 2560 2592 2624 2656 2688 2720 2752 2784 2816 2848 2880 2912 2944 2976 3008 3040 3072 3104 3136 3168 3200 3232 3264 3296 3328 3360 3392 3424 3456 3488 3520 3552 3584 3616 3648 3680 3712 3744 3776 3808 3840 3872 3904 3936 3968 4000 4032 4064 4096 4128 4160 4192 4224 4256 4288 4320 4352 4384 4416 4448 4480 4512 4544 4576 4608 4640 4672 4704 4736 4768 4800 4832 4864 4896 4928 4960 4992 5024 5056 5088 5120 5152 5184 5216 5248 5280 5312 5344 5376 5408 5440 5472 5504 5536 5568 5600 5632 5664 5696 5728 5760 5792 5824 5856 5888 5920 5952 5984 6016 6048 6080 6112 6144 6176 6208 6240 6272 6304 6336 6368 6400 6432 6464 6496 6528 6560 6592 6624 6656 6688 6720 6752 6784 6816 6848 6880 6912 6944 6976 7008 7040 7072 7104 7136 7168 7200 7232 7264 7296 7328 7360 7392 7424 7456 7488 7520 7552 7584 7616 7648 7680 7712 7744 7776 7808 7840 7872 7904 7936 7968 8000 8032 8064 8096 8128 8160
0 32 64 96 128 160 192 224 264 296 328 360 392 424 456 488 528 560 592 624 656 688 720 752 792 824 856 888 920 952 984 1016 1056 1088 1120 1152 1184 1216 1248 1280 1320 1352 1384 1416 1448 1480 1512 1544 1584 1616 1648 1680 1712 1744 1776 1808 1848 1880 1912 1944 1976 2008 2040 2072 2112 2144 2176 2208 2240 2272 2304 2336 2376 2408 2440 2472 2504 2536 2568 2600 2640 2672 2704 2736 2768 2800 2832 2864 2904 2936 2968 3000 3032 3064 3096 3128 3168 3200 3232 3264 3296 3328 3360 3392 3432 3464 3496 3528 3560 3592 3624 3656 3696 3728 3760 3792 3824 3856 3888 3920 3960 3992 4024 4056 4088 4120 4152 4184 4224 4256 4288 4320 4352 4384 4416 4448 4488 4520 4552 4584 4616 4648 4680 4712 4752 4784 4816 4848 4880 4912 4944 4976 5016 5048 5080 5112 5144 5176 5208 5240 5280 5312 5344 5376 5408 5440 5472 5504 5544 5576 5608 5640 5672 5704 5736 5768 5808 5840 5872 5904 5936 5968 6000 6032 6072 6104 6136 6168 6200 6232 6264 6296 6336 6368 6400 6432 6464 6496 6528 6560 6600 6632 6664 6696 6728 6760 6792 6824 6864 6896 6928 6960 6992 7024 7056 7088 7128 7160 7192 7224 7256 7288 7320 7352 7392 7424 7456 7488 7520 7552 7584 7616 7656 7688 7720 7752 7784 7816 7848 7880 7920 7952 7984 8016 8048 8080 8112 8144 8184 8216 8248 8280 8312 8344 8376 8408
